%
% index = 1800, name = bbob_f002_i02_d10__bbob_f015_i04_d10
% instance = 1, reference value = 9.855720388174640e-001
% function evaluation | indicator value | target hit
1	7.571724607741314e-001	7.585775750291838e-001
9	7.392693531300500e-001	7.413102413009175e-001
11	6.738876384928798e-001	6.760829753919818e-001
12	5.964072798483802e-001	6.025595860743578e-001
18	5.775146852806784e-001	5.888436553555889e-001
19	5.650303207159485e-001	5.754399373371569e-001
22	5.195850017484694e-001	5.248074602497725e-001
23	4.583535838505292e-001	4.677351412871982e-001
24	3.785978147092579e-001	3.801893963205612e-001
25	3.118007679934016e-001	3.162277660168379e-001
26	3.036665933788144e-001	3.090295432513591e-001
28	2.944084600248395e-001	2.951209226666385e-001
29	2.825057793668933e-001	2.884031503126606e-001
30	2.801395178086654e-001	2.818382931264454e-001
31	2.749660607023886e-001	2.754228703338166e-001
35	2.575307890782076e-001	2.630267991895382e-001
36	2.426675234456001e-001	2.454708915685031e-001
37	2.370604589933494e-001	2.398832919019490e-001
45	2.342350639239242e-001	2.344228815319922e-001
80	2.284784646726010e-001	2.290867652767773e-001
109	2.144183619918352e-001	2.187761623949552e-001
111	2.136209358437397e-001	2.137962089502232e-001
151	2.024803872106225e-001	2.041737944669530e-001
401	1.872341216882549e-001	1.905460717963247e-001
425	1.656656116156539e-001	1.659586907437561e-001
512	1.613596429208067e-001	1.621810097358930e-001
529	1.580280466581716e-001	1.584893192461113e-001
541	1.321327463188520e-001	1.348962882591654e-001
550	1.299350454358396e-001	1.318256738556407e-001
568	1.270326650661526e-001	1.288249551693134e-001
597	1.252853117848228e-001	1.258925411794167e-001
755	1.218072060609026e-001	1.230268770812382e-001
798	1.197895772487053e-001	1.202264434617413e-001
953	1.162332599226212e-001	1.174897554939529e-001
987	1.147931311034492e-001	1.148153621496883e-001
996	1.115192513246045e-001	1.122018454301964e-001
999	1.089224900066800e-001	1.096478196143185e-001
1127	1.030963346363221e-001	1.047128548050900e-001
1194	1.022581543245791e-001	1.023292992280754e-001
1375	9.999990909003298e-002	1.000000000000000e-001
1880	9.772356020865558e-002	9.772372209558107e-002
2595	9.549895718026147e-002	9.549925860214359e-002
7330	9.331481876130865e-002	9.332543007969910e-002
13403	8.701511279180274e-002	8.709635899560805e-002
13604	8.342365381900552e-002	8.511380382023763e-002
13710	8.092810765039571e-002	8.128305161640990e-002
13865	7.906321462440369e-002	7.943282347242814e-002
13937	7.531434415985094e-002	7.585775750291836e-002
14137	7.403405505839011e-002	7.413102413009177e-002
14437	7.239101849005536e-002	7.244359600749903e-002
34053	7.007842676744835e-002	7.079457843841380e-002
34066	6.470475746739546e-002	6.606934480075961e-002
34199	6.315878115934492e-002	6.456542290346556e-002
34219	5.540784185447045e-002	5.623413251903491e-002
34379	5.423989047466027e-002	5.495408738576246e-002
34413	5.288800518699510e-002	5.370317963702527e-002
34441	5.191575745512622e-002	5.248074602497726e-002
34463	4.963392980669090e-002	5.011872336272722e-002
34704	4.784342610144121e-002	4.786300923226383e-002
34808	4.653199650424411e-002	4.677351412871982e-002
35193	4.563658218046740e-002	4.570881896148749e-002
57308	4.172396888383778e-002	4.265795188015926e-002
57417	3.074982989572450e-002	3.090295432513590e-002
57473	2.554651399075536e-002	2.570395782768863e-002
57643	2.292734372930061e-002	2.344228815319923e-002
57706	1.784190430657040e-002	1.819700858609984e-002
57768	1.773582659638595e-002	1.778279410038923e-002
57996	1.737318944495714e-002	1.737800828749376e-002
58088	1.668140041400845e-002	1.698243652461744e-002
58146	1.653997026958054e-002	1.659586907437561e-002
58202	1.620003979449525e-002	1.621810097358930e-002
58637	1.564354176628724e-002	1.584893192461113e-002
63147	1.548616074289411e-002	1.548816618912481e-002
68806	1.512537533466207e-002	1.513561248436208e-002
68841	1.468528572868866e-002	1.479108388168207e-002
69164	1.442029595688843e-002	1.445439770745927e-002
71651	1.412423283430864e-002	1.412537544622754e-002
81891	1.379452816253757e-002	1.380384264602885e-002
86639	1.348515182980248e-002	1.348962882591653e-002
94117	1.314003151231524e-002	1.318256738556408e-002
94570	1.286451891994711e-002	1.288249551693134e-002
99854	1.245411849752598e-002	1.258925411794168e-002
100762	1.229481159967383e-002	1.230268770812382e-002
111195	1.200664438060151e-002	1.202264434617413e-002
139608	1.174890402056983e-002	1.174897554939530e-002
202336	1.064168489430362e-002	1.071519305237607e-002
202419	1.010254885652495e-002	1.023292992280754e-002
202527	9.986123043224104e-003	1.000000000000000e-002
202531	9.260444507512178e-003	9.332543007969915e-003
202564	8.778648258552790e-003	8.912509381337459e-003
202569	8.619670556552217e-003	8.709635899560805e-003
202784	8.477783881068568e-003	8.511380382023768e-003
202831	8.058037563107079e-003	8.128305161640995e-003
202914	7.893845765000629e-003	7.943282347242814e-003
203498	7.761825533559419e-003	7.762471166286920e-003
267005	7.585759001630388e-003	7.585775750291836e-003
485165	6.214243972721856e-003	6.309573444801930e-003
485201	5.773180441956627e-003	5.888436553555890e-003
485234	4.702789259297679e-003	4.786300923226385e-003
485456	4.636979357632964e-003	4.677351412871981e-003
485613	4.523494046991816e-003	4.570881896148752e-003
485616	4.353486367679293e-003	4.365158322401661e-003
485655	4.151695229723362e-003	4.168693834703355e-003
485702	4.018263152942736e-003	4.073802778041126e-003
485849	3.601690582280437e-003	3.630780547701014e-003
486047	3.537762160545688e-003	3.548133892335753e-003
486491	3.440736827784008e-003	3.467368504525317e-003
521304	3.388334649425895e-003	3.388441561392024e-003
589880	2.977498324431727e-003	3.019951720402016e-003
590155	2.912180206824377e-003	2.951209226666387e-003
590187	2.846553925820450e-003	2.884031503126606e-003
590267	2.766131559708507e-003	2.818382931264455e-003
590341	2.649354180209396e-003	2.691534803926917e-003
590421	2.629180817846466e-003	2.630267991895381e-003
590564	2.569186399720924e-003	2.570395782768865e-003
590926	2.511879738599010e-003	2.511886431509579e-003
677485	2.451229039862390e-003	2.454708915685031e-003
686718	2.398506410809298e-003	2.398832919019490e-003
687249	2.343976366586009e-003	2.344228815319923e-003
688570	2.290828264575717e-003	2.290867652767772e-003
741505	2.238449628420458e-003	2.238721138568340e-003
742768	2.182490685751382e-003	2.187761623949552e-003
743320	2.131211766114194e-003	2.137962089502233e-003
828922	2.059646315231034e-003	2.089296130854039e-003
829689	2.041507821098687e-003	2.041737944669530e-003
952352	1.994986021824352e-003	1.995262314968879e-003
1269696	1.948304527162437e-003	1.949844599758046e-003
1460014	1.905399015673659e-003	1.905460717963246e-003
1700952	1.857495989657565e-003	1.862087136662868e-003
1701780	1.815777437450761e-003	1.819700858609983e-003
2031155	1.777764090338918e-003	1.778279410038923e-003
2225207	1.737798258298007e-003	1.737800828749376e-003
2249170	1.697661905235903e-003	1.698243652461744e-003
2249637	1.657496133728786e-003	1.659586907437561e-003
2249893	1.619331831771209e-003	1.621810097358930e-003
2250245	1.583720115414744e-003	1.584893192461114e-003
2251992	1.548810761178521e-003	1.548816618912481e-003
2781743	1.512460982313169e-003	1.513561248436209e-003
3041896	1.479096010686187e-003	1.479108388168207e-003
3457540	1.445138821263958e-003	1.445439770745928e-003
3859060	1.412491141848715e-003	1.412537544622754e-003
4188720	1.380169837420620e-003	1.380384264602885e-003
4223429	1.336720087732557e-003	1.348962882591653e-003
4224207	1.313084844678625e-003	1.318256738556408e-003
4682193	1.288193093557655e-003	1.288249551693134e-003
5236240	1.256665112742916e-003	1.258925411794168e-003
5443436	1.230267289402232e-003	1.230268770812381e-003
11651167	1.209622825717571e-003	1.230268770812381e-003
%
% index = 1801, name = bbob_f002_i03_d10__bbob_f015_i05_d10
% instance = 2, reference value = 9.621011533589120e-001
% function evaluation | indicator value | target hit
1	9.093054239329493e-001	9.120108393559098e-001
6	8.723430218862280e-001	8.912509381337456e-001
11	7.082730325798238e-001	7.244359600749900e-001
13	5.810038310056516e-001	5.888436553555889e-001
24	4.869063580862272e-001	4.897788193684462e-001
32	4.773056223141252e-001	4.786300923226383e-001
36	4.592614253966204e-001	4.677351412871982e-001
37	4.517934937706088e-001	4.570881896148750e-001
39	4.457949308014114e-001	4.466835921509632e-001
48	4.310960786265350e-001	4.365158322401660e-001
49	4.254769065152352e-001	4.265795188015927e-001
107	4.168102150351388e-001	4.168693834703354e-001
147	4.072425113221075e-001	4.073802778041127e-001
240	3.847461281037473e-001	3.890451449942806e-001
454	3.612022143668741e-001	3.630780547701014e-001
649	3.524169682910930e-001	3.548133892335755e-001
682	3.464704322946196e-001	3.467368504525316e-001
693	3.255683467186366e-001	3.311311214825911e-001
762	2.837221846825877e-001	2.884031503126606e-001
895	2.790523454537195e-001	2.818382931264454e-001
921	2.729445921113075e-001	2.754228703338166e-001
937	2.543836271641150e-001	2.570395782768864e-001
1105	2.489071813856234e-001	2.511886431509580e-001
1288	2.448234772309197e-001	2.454708915685031e-001
1409	2.372901586869272e-001	2.398832919019490e-001
1423	2.332488529786030e-001	2.344228815319922e-001
1618	2.229855985237776e-001	2.238721138568340e-001
1652	2.182165835467557e-001	2.187761623949552e-001
2037	2.137827380291002e-001	2.137962089502232e-001
13265	2.062853526033311e-001	2.089296130854039e-001
13266	2.006712550691844e-001	2.041737944669530e-001
13287	1.983253762469029e-001	1.995262314968880e-001
13318	1.926361487899809e-001	1.949844599758046e-001
13418	1.903365984031210e-001	1.905460717963247e-001
13555	1.841208932988996e-001	1.862087136662868e-001
13659	1.816813048107840e-001	1.819700858609984e-001
13732	1.697024650641609e-001	1.698243652461744e-001
13990	1.645975993015358e-001	1.659586907437561e-001
24263	1.596426434524993e-001	1.621810097358930e-001
24507	1.550649888827343e-001	1.584893192461113e-001
24540	1.542584354266989e-001	1.548816618912481e-001
24662	1.410684619614941e-001	1.412537544622755e-001
24771	1.371268259492068e-001	1.380384264602885e-001
24827	1.342848624995118e-001	1.348962882591654e-001
24862	1.306554075956952e-001	1.318256738556407e-001
24976	1.275314517714044e-001	1.288249551693134e-001
25302	1.257135383267994e-001	1.258925411794167e-001
45327	1.143961024703518e-001	1.148153621496883e-001
45368	1.091978097819241e-001	1.096478196143185e-001
45471	1.016989787746797e-001	1.023292992280754e-001
45551	9.831867301889596e-002	1.000000000000000e-001
45585	9.606864085230049e-002	9.772372209558107e-002
45590	9.527933832607649e-002	9.549925860214359e-002
45594	9.254595519833664e-002	9.332543007969910e-002
45646	9.007755368461912e-002	9.120108393559097e-002
45765	8.749025230336371e-002	8.912509381337455e-002
45786	8.590951561594562e-002	8.709635899560805e-002
45797	8.391947853285364e-002	8.511380382023763e-002
45918	8.145990911184042e-002	8.317637711026708e-002
45979	8.043325993488815e-002	8.128305161640990e-002
46375	7.925133138764395e-002	7.943282347242814e-002
195982	7.704996020273147e-002	7.762471166286916e-002
196306	7.517299998994953e-002	7.585775750291836e-002
196415	7.097098176018379e-002	7.244359600749903e-002
196561	7.048453015772893e-002	7.079457843841380e-002
196621	6.655553477518750e-002	6.760829753919818e-002
196640	6.439999063290802e-002	6.456542290346556e-002
196739	6.263816240977516e-002	6.309573444801933e-002
196842	6.149881542968305e-002	6.165950018614822e-002
197018	5.999169887506695e-002	6.025595860743578e-002
197066	5.834530799873450e-002	5.888436553555890e-002
197291	5.729147296957782e-002	5.754399373371569e-002
197968	5.620861625391338e-002	5.623413251903491e-002
393387	5.427465259154052e-002	5.495408738576246e-002
395925	5.295764659721314e-002	5.370317963702527e-002
396618	5.093495888205879e-002	5.128613839913648e-002
396955	5.000099570999350e-002	5.011872336272722e-002
419420	4.842263173695216e-002	4.897788193684461e-002
423885	4.770184814367495e-002	4.786300923226383e-002
451197	4.672455141690379e-002	4.677351412871982e-002
1222871	4.570082348380811e-002	4.570881896148749e-002
1273265	3.935250506046595e-002	3.981071705534973e-002
1273582	3.630967190682732e-002	3.715352290971726e-002
1273664	3.348768703488647e-002	3.388441561392026e-002
1274023	3.225449747123876e-002	3.235936569296283e-002
1274164	3.085562256644037e-002	3.090295432513590e-002
1274201	2.961834828909471e-002	3.019951720402016e-002
1274331	2.924102695814246e-002	2.951209226666385e-002
1274723	2.852507069735621e-002	2.884031503126606e-002
1275709	2.816604370140363e-002	2.818382931264454e-002
1681437	2.679031348400396e-002	2.691534803926915e-002
1691535	2.547523562066745e-002	2.570395782768863e-002
1693058	2.277684823410697e-002	2.290867652767774e-002
1696206	2.215265152412438e-002	2.238721138568340e-002
1701500	2.186915593922245e-002	2.187761623949553e-002
1715748	2.131922914417606e-002	2.137962089502233e-002
1721195	2.085541797255719e-002	2.089296130854040e-002
1729456	2.040066280358677e-002	2.041737944669530e-002
1732702	1.980859051893269e-002	1.995262314968880e-002
1735052	1.930740112226803e-002	1.949844599758046e-002
1736513	1.896585358912784e-002	1.905460717963247e-002
1738135	1.860631683436964e-002	1.862087136662868e-002
1742474	1.819524245635651e-002	1.819700858609984e-002
1747697	1.758723847263355e-002	1.778279410038923e-002
1786314	1.653051274744466e-002	1.659586907437561e-002
1792892	1.619958140046029e-002	1.621810097358930e-002
1801341	1.583011891854447e-002	1.584893192461113e-002
1802873	1.539578934833863e-002	1.548816618912481e-002
1808498	1.498267532904130e-002	1.513561248436208e-002
1825762	1.476039442220478e-002	1.479108388168207e-002
1836668	1.444129414234274e-002	1.445439770745927e-002
1873672	1.389244635720810e-002	1.412537544622754e-002
1874092	1.357876488957299e-002	1.380384264602885e-002
1880906	1.345354259547482e-002	1.348962882591653e-002
1889535	1.317416684669082e-002	1.318256738556408e-002
1926721	1.288051413460278e-002	1.288249551693134e-002
1938976	1.257479290491648e-002	1.258925411794168e-002
2010725	1.228320145628425e-002	1.230268770812382e-002
2106479	1.197095747433596e-002	1.202264434617413e-002
2161169	1.174384495409986e-002	1.174897554939530e-002
2456720	1.146581986120165e-002	1.148153621496883e-002
2456721	1.118039167390750e-002	1.122018454301964e-002
2456923	1.080456351658554e-002	1.096478196143185e-002
2457170	1.055692367507821e-002	1.071519305237607e-002
2457634	1.037174986311162e-002	1.047128548050900e-002
2458099	1.022572240454889e-002	1.023292992280754e-002
2458608	9.991931328150572e-003	1.000000000000000e-002
2459649	9.767614673502845e-003	9.772372209558112e-003
2625064	9.535234127226899e-003	9.549925860214359e-003
2625331	8.910135018931453e-003	8.912509381337459e-003
2625515	8.462968841221996e-003	8.511380382023768e-003
2625850	8.317497684689146e-003	8.317637711026709e-003
2625964	8.067048731746795e-003	8.128305161640995e-003
2626242	7.818835059606344e-003	7.943282347242814e-003
2626473	7.751394909663922e-003	7.762471166286920e-003
2749969	7.574811517456093e-003	7.585775750291836e-003
2750159	7.256348425876191e-003	7.413102413009177e-003
2750554	7.242431879150635e-003	7.244359600749898e-003
2750999	7.048774750009978e-003	7.079457843841380e-003
2753021	6.918099364565888e-003	6.918309709189363e-003
3048990	6.760829003616520e-003	6.760829753919818e-003
3682808	6.605333046680206e-003	6.606934480075957e-003
5063179	6.455996127743391e-003	6.456542290346556e-003
5572427	6.270786324779620e-003	6.309573444801930e-003
5573682	6.159632600901688e-003	6.165950018614822e-003
6529620	5.983179646966375e-003	6.025595860743574e-003
6543109	5.871158841039725e-003	5.888436553555890e-003
6689451	5.712041317532779e-003	5.754399373371567e-003
6760443	5.612589807843849e-003	5.623413251903491e-003
7047929	5.495053267469019e-003	5.495408738576248e-003
7138391	5.369142125832394e-003	5.370317963702527e-003
8115860	5.237685321535235e-003	5.248074602497728e-003
8115973	5.122353740365293e-003	5.128613839913648e-003
8115995	4.983197131455674e-003	5.011872336272725e-003
8116063	4.871175708386022e-003	4.897788193684461e-003
8116137	4.734102890817549e-003	4.786300923226385e-003
8116195	4.636968284804532e-003	4.677351412871981e-003
8116430	4.333096430534256e-003	4.365158322401661e-003
8116786	4.111565842386367e-003	4.168693834703355e-003
8117151	3.951514869936390e-003	3.981071705534973e-003
8117645	3.839410993916381e-003	3.890451449942805e-003
8118094	3.785050799723244e-003	3.801893963205613e-003
8435324	3.715023900540015e-003	3.715352290971724e-003
11900337	3.666175210468969e-003	3.715352290971724e-003
%
% index = 1802, name = bbob_f002_i07_d10__bbob_f015_i08_d10
% instance = 3, reference value = 9.685918113275480e-001
% function evaluation | indicator value | target hit
1	3.715616408175010e-001	3.801893963205612e-001
4	3.608823938487661e-001	3.630780547701014e-001
10	3.308637159015703e-001	3.311311214825911e-001
11	3.149786792545875e-001	3.162277660168379e-001
15	3.064114447822648e-001	3.090295432513591e-001
20	2.971499645440849e-001	3.019951720402016e-001
23	2.903524643888807e-001	2.951209226666385e-001
24	2.722878200469652e-001	2.754228703338166e-001
28	2.639743585535754e-001	2.691534803926916e-001
29	2.559861884347948e-001	2.570395782768864e-001
31	2.430755185453758e-001	2.454708915685031e-001
35	2.356354962503580e-001	2.398832919019490e-001
36	2.296231029193492e-001	2.344228815319922e-001
37	2.268452610571679e-001	2.290867652767773e-001
38	2.223065751496653e-001	2.238721138568340e-001
41	2.166003009906052e-001	2.187761623949552e-001
44	2.118455822291706e-001	2.137962089502232e-001
48	2.088488501678385e-001	2.089296130854039e-001
60	2.019375056265356e-001	2.041737944669530e-001
67	1.987244824803707e-001	1.995262314968880e-001
84	1.949094162881585e-001	1.949844599758046e-001
113	1.859151212441822e-001	1.862087136662868e-001
130	1.772242072794646e-001	1.778279410038923e-001
164	1.705557101889603e-001	1.737800828749375e-001
191	1.696132019592672e-001	1.698243652461744e-001
591	1.658505232406807e-001	1.659586907437561e-001
1083	1.621736797422213e-001	1.621810097358930e-001
2008	1.584764990216399e-001	1.584893192461113e-001
13363	1.547797386654936e-001	1.548816618912481e-001
20986	1.308739861936237e-001	1.318256738556407e-001
21280	1.287253076879225e-001	1.288249551693134e-001
21468	1.099665822776031e-001	1.122018454301964e-001
23405	1.076237173534531e-001	1.096478196143185e-001
23484	1.032245212092505e-001	1.047128548050900e-001
23863	8.695365444793979e-002	8.709635899560805e-002
24426	8.128681129016913e-002	8.317637711026708e-002
24445	7.685054741545017e-002	7.762471166286916e-002
24477	7.139876523071520e-002	7.244359600749903e-002
24704	7.014312429052461e-002	7.079457843841380e-002
24723	6.884522397253123e-002	6.918309709189366e-002
24832	6.669904686352268e-002	6.760829753919818e-002
25006	6.530777973226964e-002	6.606934480075961e-002
25266	6.415987812041046e-002	6.456542290346556e-002
28278	6.309565090796165e-002	6.309573444801933e-002
39059	6.163162960321467e-002	6.165950018614822e-002
46071	6.020003360913484e-002	6.025595860743578e-002
46134	5.875375094918955e-002	5.888436553555890e-002
46348	5.731774645252774e-002	5.754399373371569e-002
51193	5.623305800309464e-002	5.623413251903491e-002
85945	5.495384687242688e-002	5.495408738576246e-002
157195	5.370313905980029e-002	5.370317963702527e-002
192639	4.065493953016786e-002	4.073802778041128e-002
193383	3.846095206037847e-002	3.890451449942807e-002
193652	3.771457489465668e-002	3.801893963205612e-002
193675	3.163200334079241e-002	3.235936569296283e-002
193701	3.159369392069356e-002	3.162277660168379e-002
193756	2.991077107537166e-002	3.019951720402016e-002
193840	2.911954523677385e-002	2.951209226666385e-002
193928	2.828652114772812e-002	2.884031503126606e-002
193952	2.719929690319300e-002	2.754228703338166e-002
194002	2.669985992492052e-002	2.691534803926915e-002
194068	2.622525259205866e-002	2.630267991895382e-002
194139	2.539444775655253e-002	2.570395782768863e-002
194384	2.511648020821888e-002	2.511886431509579e-002
194907	2.454481131177100e-002	2.454708915685030e-002
230394	2.398808703048250e-002	2.398832919019490e-002
245557	2.331506535169614e-002	2.344228815319923e-002
294604	2.274983078421378e-002	2.290867652767774e-002
295116	2.220006325348833e-002	2.238721138568340e-002
295252	2.126536230426657e-002	2.137962089502233e-002
295263	2.077321691311518e-002	2.089296130854040e-002
296015	1.998032655309467e-002	2.041737944669530e-002
296051	1.994341683497525e-002	1.995262314968880e-002
297099	1.944136986577361e-002	1.949844599758046e-002
297599	1.872333083504940e-002	1.905460717963247e-002
298424	1.861966347719668e-002	1.862087136662868e-002
299022	1.812698230178511e-002	1.819700858609984e-002
300057	1.759889269504744e-002	1.778279410038923e-002
314863	1.736523624300046e-002	1.737800828749376e-002
315374	1.693421249979565e-002	1.698243652461744e-002
316413	1.657973956494097e-002	1.659586907437561e-002
321122	1.621660760038624e-002	1.621810097358930e-002
394232	1.582154356730936e-002	1.584893192461113e-002
395626	1.546015337419904e-002	1.548816618912481e-002
403472	1.513522240681320e-002	1.513561248436208e-002
442119	1.479088601379219e-002	1.479108388168207e-002
588363	1.440373815119822e-002	1.445439770745927e-002
590294	1.409571517822217e-002	1.412537544622754e-002
592623	1.378390381437389e-002	1.380384264602885e-002
596196	1.345649532856352e-002	1.348962882591653e-002
615854	1.317593523877458e-002	1.318256738556408e-002
744185	1.284800252469120e-002	1.288249551693134e-002
744310	1.257254134815578e-002	1.258925411794168e-002
747561	1.222334522808499e-002	1.230268770812382e-002
749277	1.200883859312196e-002	1.202264434617413e-002
973801	1.162589017491211e-002	1.174897554939530e-002
974566	1.146503158187218e-002	1.148153621496883e-002
980311	1.121741546693977e-002	1.122018454301964e-002
987237	1.092472278481904e-002	1.096478196143185e-002
1005034	1.071472489723080e-002	1.071519305237607e-002
1073647	1.044941338911398e-002	1.047128548050900e-002
1111236	1.022585929333408e-002	1.023292992280754e-002
1274192	9.970930674031209e-003	1.000000000000000e-002
1703795	9.771762710997112e-003	9.772372209558112e-003
1787895	9.505098958431990e-003	9.549925860214359e-003
1872462	9.326947464690649e-003	9.332543007969915e-003
1904505	9.113162179790302e-003	9.120108393559097e-003
2720262	8.791869438716904e-003	8.912509381337459e-003
2721012	8.668686794258029e-003	8.709635899560805e-003
2838921	8.511379563596933e-003	8.511380382023768e-003
2897499	8.200537047694745e-003	8.317637711026709e-003
2897640	7.880284991734432e-003	7.943282347242814e-003
2897735	7.681497741379717e-003	7.762471166286920e-003
2897821	7.006039103543804e-003	7.079457843841380e-003
2897995	6.773937134632813e-003	6.918309709189363e-003
2898014	6.689869296829354e-003	6.760829753919818e-003
2898097	6.600750194866167e-003	6.606934480075957e-003
2898117	6.397552436298915e-003	6.456542290346556e-003
2898241	6.308913530933658e-003	6.309573444801930e-003
2898413	5.936665876638436e-003	6.025595860743574e-003
2898958	5.611042114757270e-003	5.623413251903491e-003
2899130	5.362106749997153e-003	5.370317963702527e-003
2899384	5.207567522556134e-003	5.248074602497728e-003
2900020	5.122868898512989e-003	5.128613839913648e-003
3157214	5.009573985722549e-003	5.011872336272725e-003
3243625	4.892502434897583e-003	4.897788193684461e-003
3243637	4.677264782790513e-003	4.677351412871981e-003
3243953	4.494937949193312e-003	4.570881896148752e-003
3244047	4.404498143570912e-003	4.466835921509631e-003
3244080	4.312083076182915e-003	4.365158322401661e-003
3244252	4.241922084864069e-003	4.265795188015926e-003
3244452	4.168363752900639e-003	4.168693834703355e-003
3260350	4.017643839998586e-003	4.073802778041126e-003
3265135	3.959020753455000e-003	3.981071705534973e-003
3359538	3.834405633286520e-003	3.890451449942805e-003
3362390	3.789192120098539e-003	3.801893963205613e-003
3382114	3.710774525296334e-003	3.715352290971724e-003
3410395	3.630665900492769e-003	3.630780547701014e-003
3499775	3.548113270052999e-003	3.548133892335753e-003
3617920	3.459624526853333e-003	3.467368504525317e-003
3709274	3.386136570349141e-003	3.388441561392024e-003
4816679	3.311311213789359e-003	3.311311214825911e-003
5023912	3.235764735629143e-003	3.235936569296281e-003
7898733	3.162157275481747e-003	3.162277660168379e-003
8015000	3.090286603193437e-003	3.090295432513592e-003
11826539	3.047686951616058e-003	3.090295432513592e-003
%
% index = 1803, name = bbob_f002_i09_d10__bbob_f015_i10_d10
% instance = 4, reference value = 9.853601595080320e-001
% function evaluation | indicator value | target hit
1	7.501041151246413e-001	7.585775750291838e-001
8	6.847479073900455e-001	6.918309709189364e-001
9	6.516064531946202e-001	6.606934480075960e-001
13	4.855361959586137e-001	4.897788193684462e-001
14	4.328596966582563e-001	4.365158322401660e-001
16	4.202000697473781e-001	4.265795188015927e-001
17	4.110335113511985e-001	4.168693834703354e-001
19	3.637949914691215e-001	3.715352290971726e-001
20	3.553767265354377e-001	3.630780547701014e-001
29	3.541613152352450e-001	3.548133892335755e-001
50	3.462494751775880e-001	3.467368504525316e-001
52	3.373667274592965e-001	3.388441561392026e-001
61	3.285938919296045e-001	3.311311214825911e-001
65	3.217318644154383e-001	3.235936569296283e-001
67	3.105938928425551e-001	3.162277660168379e-001
73	3.042763312480697e-001	3.090295432513591e-001
77	3.018306841736720e-001	3.019951720402016e-001
94	2.937280855644784e-001	2.951209226666385e-001
97	2.798018095551067e-001	2.818382931264454e-001
108	2.752276994972761e-001	2.754228703338166e-001
130	2.690296326459175e-001	2.691534803926916e-001
198	2.490349284209831e-001	2.511886431509580e-001
257	1.877707012367188e-001	1.905460717963247e-001
325	1.862081529352427e-001	1.862087136662868e-001
450	1.811634216011767e-001	1.819700858609984e-001
628	1.760754977535506e-001	1.778279410038923e-001
730	1.717481202146495e-001	1.737800828749375e-001
780	1.649805980206170e-001	1.659586907437561e-001
839	1.581379942384122e-001	1.584893192461113e-001
958	1.520118703167479e-001	1.548816618912481e-001
1064	1.495690439900377e-001	1.513561248436208e-001
1133	1.455886895306926e-001	1.479108388168208e-001
1195	1.411588270407157e-001	1.412537544622755e-001
1400	1.379821359957902e-001	1.380384264602885e-001
1511	1.333217601712275e-001	1.348962882591654e-001
1581	1.310222497811757e-001	1.318256738556407e-001
1700	1.286992874253975e-001	1.288249551693134e-001
2505	1.258043752477275e-001	1.258925411794167e-001
11591	1.226387332018069e-001	1.230268770812382e-001
12114	1.171738346542186e-001	1.174897554939529e-001
12170	1.070870534787455e-001	1.071519305237607e-001
12353	9.774122301059562e-002	1.000000000000000e-001
12799	9.758160851214348e-002	9.772372209558107e-002
12975	9.021855492076258e-002	9.120108393559097e-002
13077	8.550602532640861e-002	8.709635899560805e-002
13182	7.947297185796065e-002	8.128305161640990e-002
13286	7.445341966915919e-002	7.585775750291836e-002
13309	7.137037133925750e-002	7.244359600749903e-002
13392	6.955278105048846e-002	7.079457843841380e-002
13433	6.380716850851254e-002	6.456542290346556e-002
13476	6.124437712176578e-002	6.165950018614822e-002
13553	5.749178452040293e-002	5.754399373371569e-002
13700	5.428805935080772e-002	5.495408738576246e-002
13912	5.358599569637579e-002	5.370317963702527e-002
14113	5.217858716875379e-002	5.248074602497726e-002
17597	5.125386254044317e-002	5.128613839913648e-002
34226	5.001882950307579e-002	5.011872336272722e-002
34538	4.861379734967686e-002	4.897788193684461e-002
39021	4.781502322418330e-002	4.786300923226383e-002
178351	4.620443826020282e-002	4.677351412871982e-002
179646	4.325770907532223e-002	4.365158322401658e-002
179941	3.721233422607495e-002	3.801893963205612e-002
180076	3.712501689329806e-002	3.715352290971726e-002
180172	3.213968346796514e-002	3.235936569296283e-002
180189	3.159903120862673e-002	3.162277660168379e-002
180282	3.087810654813461e-002	3.090295432513590e-002
180402	2.892512060198305e-002	2.951209226666385e-002
180408	2.879346335324495e-002	2.884031503126606e-002
180466	2.573101340046613e-002	2.630267991895382e-002
180490	2.420017952441567e-002	2.454708915685030e-002
180537	2.363218213306373e-002	2.398832919019490e-002
180585	2.317755220947715e-002	2.344228815319923e-002
180622	2.122892132934495e-002	2.137962089502233e-002
180715	1.993204224933998e-002	1.995262314968880e-002
180942	1.947702881001723e-002	1.949844599758046e-002
180956	1.655088876224731e-002	1.659586907437561e-002
181156	1.583483618938453e-002	1.584893192461113e-002
181291	1.515762285370359e-002	1.548816618912481e-002
181420	1.507134578598335e-002	1.513561248436208e-002
181445	1.448344837044646e-002	1.479108388168207e-002
181448	1.395174049593628e-002	1.412537544622754e-002
181516	1.365921128696679e-002	1.380384264602885e-002
181737	1.321511998625591e-002	1.348962882591653e-002
181747	1.318057306048071e-002	1.318256738556408e-002
181804	1.266181549313494e-002	1.288249551693134e-002
182169	1.252809761034168e-002	1.258925411794168e-002
188281	1.218089456758387e-002	1.230268770812382e-002
189152	1.202240818915545e-002	1.202264434617413e-002
190588	1.174470660381000e-002	1.174897554939530e-002
201879	1.088645835363422e-002	1.096478196143185e-002
202304	1.047615555134707e-002	1.071519305237607e-002
202368	1.042830300565578e-002	1.047128548050900e-002
202410	9.754126247643047e-003	9.772372209558112e-003
202548	9.003339825175316e-003	9.120108393559097e-003
202629	8.590716046212865e-003	8.709635899560805e-003
202660	8.492611348536294e-003	8.511380382023768e-003
202944	8.218579805918891e-003	8.317637711026709e-003
202981	7.926760766094776e-003	7.943282347242814e-003
203192	7.723810741881887e-003	7.762471166286920e-003
203599	7.584834629386417e-003	7.585775750291836e-003
208259	7.411998646847051e-003	7.413102413009177e-003
211929	7.244051661528528e-003	7.244359600749898e-003
237745	6.956138747506890e-003	7.079457843841380e-003
237816	6.431811740563065e-003	6.456542290346556e-003
237937	6.192227115440874e-003	6.309573444801930e-003
238000	5.585371684623253e-003	5.623413251903491e-003
238069	5.418682668179908e-003	5.495408738576248e-003
238078	5.363787189203717e-003	5.370317963702527e-003
238147	4.351138285871858e-003	4.365158322401661e-003
238450	4.262542640682931e-003	4.265795188015926e-003
238627	4.167692308416515e-003	4.168693834703355e-003
238775	4.033108555450249e-003	4.073802778041126e-003
238783	3.935897533484556e-003	3.981071705534973e-003
239079	3.849547338521275e-003	3.890451449942805e-003
239364	3.789909109858214e-003	3.801893963205613e-003
283129	3.715286692048347e-003	3.715352290971724e-003
345965	3.630779300214049e-003	3.630780547701014e-003
361220	3.538997171398384e-003	3.548133892335753e-003
361237	3.425102198828300e-003	3.467368504525317e-003
361572	3.384421947864480e-003	3.388441561392024e-003
361679	3.305843253857854e-003	3.311311214825911e-003
362355	3.232788306278489e-003	3.235936569296281e-003
437072	3.162007468083705e-003	3.162277660168379e-003
455450	3.073338636464862e-003	3.090295432513592e-003
455799	3.013556914088555e-003	3.019951720402016e-003
455936	2.909116947619195e-003	2.951209226666387e-003
456008	2.879648193168882e-003	2.884031503126606e-003
456204	2.814052199025530e-003	2.818382931264455e-003
456664	2.753268502251660e-003	2.754228703338166e-003
546815	2.689481053856135e-003	2.691534803926917e-003
547701	2.629391439707085e-003	2.630267991895381e-003
643763	2.568975789454031e-003	2.570395782768865e-003
706770	2.511304560475325e-003	2.511886431509579e-003
1216912	2.450357832876060e-003	2.454708915685031e-003
1571431	2.383492266289200e-003	2.398832919019490e-003
1573017	2.341294756691759e-003	2.344228815319923e-003
2833614	2.290333177084380e-003	2.290867652767772e-003
5110792	2.238298489202539e-003	2.238721138568340e-003
11886484	2.207635359028237e-003	2.238721138568340e-003
%
% index = 1804, name = bbob_f002_i11_d10__bbob_f015_i12_d10
% instance = 5, reference value = 9.746000052187260e-001
% function evaluation | indicator value | target hit
1	5.592180033057856e-001	5.623413251903491e-001
5	5.190658332353844e-001	5.248074602497725e-001
10	5.052105502994337e-001	5.128613839913648e-001
13	3.809676848364511e-001	3.890451449942806e-001
14	3.794602653796867e-001	3.801893963205612e-001
15	3.593303580905578e-001	3.630780547701014e-001
16	3.514135476276478e-001	3.548133892335755e-001
19	3.352384810920527e-001	3.388441561392026e-001
21	3.128176316441979e-001	3.162277660168379e-001
24	3.007661232859894e-001	3.019951720402016e-001
31	2.938887219809472e-001	2.951209226666385e-001
45	2.806225043445626e-001	2.818382931264454e-001
47	2.675287202960723e-001	2.691534803926916e-001
52	2.619491466612450e-001	2.630267991895382e-001
53	2.498779448016067e-001	2.511886431509580e-001
55	2.330294014015141e-001	2.344228815319922e-001
59	2.267073991643170e-001	2.290867652767773e-001
63	2.095848823012690e-001	2.137962089502232e-001
64	2.081754799846266e-001	2.089296130854039e-001
65	2.028521105603954e-001	2.041737944669530e-001
74	1.988880866253199e-001	1.995262314968880e-001
80	1.939881367174805e-001	1.949844599758046e-001
101	1.905447003216789e-001	1.905460717963247e-001
237	1.861216690644180e-001	1.862087136662868e-001
554	1.806215365933354e-001	1.819700858609984e-001
709	1.738181955146653e-001	1.778279410038923e-001
722	1.737764794093887e-001	1.737800828749375e-001
997	1.686544373711914e-001	1.698243652461744e-001
1394	1.658981979117002e-001	1.659586907437561e-001
3274	1.621784820176890e-001	1.621810097358930e-001
10055	1.389202977974261e-001	1.412537544622755e-001
16891	1.380380793889223e-001	1.380384264602885e-001
20833	1.334067933924441e-001	1.348962882591654e-001
20895	1.277057617095085e-001	1.288249551693134e-001
20964	1.221444733030399e-001	1.230268770812382e-001
20976	1.191994237071210e-001	1.202264434617413e-001
21110	1.173282445776939e-001	1.174897554939529e-001
21280	1.086774327462807e-001	1.096478196143185e-001
21825	1.031732177049902e-001	1.047128548050900e-001
23126	1.007630516841398e-001	1.023292992280754e-001
23417	9.982432308666955e-002	1.000000000000000e-001
23503	9.537190117448324e-002	9.549925860214359e-002
23565	9.191939244059821e-002	9.332543007969910e-002
23577	8.963908599157444e-002	9.120108393559097e-002
23679	8.468329249962237e-002	8.511380382023763e-002
23851	8.311412014508002e-002	8.317637711026708e-002
23895	8.114215958889015e-002	8.128305161640990e-002
24130	7.868620485139877e-002	7.943282347242814e-002
24256	7.685072785523606e-002	7.762471166286916e-002
24553	7.512426412570383e-002	7.585775750291836e-002
25859	7.413037399617040e-002	7.413102413009177e-002
29763	7.244065822125789e-002	7.244359600749903e-002
45744	6.754919536110016e-002	6.760829753919818e-002
45923	6.032774875654590e-002	6.165950018614822e-002
46160	5.666382779226420e-002	5.754399373371569e-002
46284	5.613387319102248e-002	5.623413251903491e-002
46408	5.411869555193438e-002	5.495408738576246e-002
46440	5.200582039548862e-002	5.248074602497726e-002
46465	5.089032811229577e-002	5.128613839913648e-002
46593	4.919390914151700e-002	5.011872336272722e-002
46621	4.890871882602743e-002	4.897788193684461e-002
46842	4.759036158970209e-002	4.786300923226383e-002
106244	4.670136646825296e-002	4.677351412871982e-002
106267	4.277342719525867e-002	4.365158322401658e-002
106402	4.095586130466700e-002	4.168693834703355e-002
106429	3.877325264276021e-002	3.890451449942807e-002
106563	3.755114131042858e-002	3.801893963205612e-002
106595	3.679171543193871e-002	3.715352290971726e-002
106609	3.365228153439059e-002	3.388441561392026e-002
106769	3.235258592791412e-002	3.235936569296283e-002
106828	3.139394881467039e-002	3.162277660168379e-002
106940	3.050298061704371e-002	3.090295432513590e-002
106955	3.007913492632397e-002	3.019951720402016e-002
107171	2.913389275635903e-002	2.951209226666385e-002
107330	2.873910918508960e-002	2.884031503126606e-002
107714	2.816641431412348e-002	2.818382931264454e-002
211651	2.669714658448708e-002	2.691534803926915e-002
211876	2.490116466629611e-002	2.511886431509579e-002
211895	2.451626394863504e-002	2.454708915685030e-002
212146	2.397294950943696e-002	2.398832919019490e-002
212315	2.323850535221106e-002	2.344228815319923e-002
212476	2.271392634240499e-002	2.290867652767774e-002
212591	2.229279354927849e-002	2.238721138568340e-002
212731	2.187591627385555e-002	2.187761623949553e-002
212928	2.131441000046752e-002	2.137962089502233e-002
213119	2.088711593910808e-002	2.089296130854040e-002
223315	2.041651766192498e-002	2.041737944669530e-002
261895	1.995228545171068e-002	1.995262314968880e-002
412249	1.945540903893983e-002	1.949844599758046e-002
567023	1.884173141266510e-002	1.905460717963247e-002
567678	1.721676029818098e-002	1.737800828749376e-002
571034	1.662669063357392e-002	1.698243652461744e-002
571520	1.655390648689092e-002	1.659586907437561e-002
572372	1.582835689180850e-002	1.584893192461113e-002
572948	1.519599932627180e-002	1.548816618912481e-002
573304	1.511343039479918e-002	1.513561248436208e-002
574657	1.477408576025563e-002	1.479108388168207e-002
575064	1.423207263295867e-002	1.445439770745927e-002
575620	1.380575345077117e-002	1.412537544622754e-002
575652	1.380090553546576e-002	1.380384264602885e-002
584307	1.346187114692188e-002	1.348962882591653e-002
602892	1.316246549035172e-002	1.318256738556408e-002
604080	1.251269531762644e-002	1.258925411794168e-002
608471	1.215006458420875e-002	1.230268770812382e-002
610056	1.202246505014870e-002	1.202264434617413e-002
635988	1.172484287512110e-002	1.174897554939530e-002
642167	1.148100971563559e-002	1.148153621496883e-002
683005	1.121862857482214e-002	1.122018454301964e-002
743059	1.096061536250315e-002	1.096478196143185e-002
963272	1.069705965965551e-002	1.071519305237607e-002
1038742	1.047105384714553e-002	1.047128548050900e-002
1471526	1.023268075088013e-002	1.023292992280754e-002
1472439	9.962099337425423e-003	1.000000000000000e-002
1474839	9.769833687545138e-003	9.772372209558112e-003
1609767	9.465507673331319e-003	9.549925860214359e-003
1633108	9.332324326600028e-003	9.332543007969915e-003
1679325	9.077525682443133e-003	9.120108393559097e-003
1683168	8.832431949499675e-003	8.912509381337459e-003
1700108	8.696179952253136e-003	8.709635899560805e-003
1738332	8.502573391792279e-003	8.511380382023768e-003
1740370	8.211467101124859e-003	8.317637711026709e-003
1745764	7.877471955201276e-003	7.943282347242814e-003
1746869	7.646225629667436e-003	7.762471166286920e-003
1747817	7.330175315811482e-003	7.413102413009177e-003
1755468	6.898757476549222e-003	6.918309709189363e-003
1759754	6.740516312303546e-003	6.760829753919818e-003
1761016	6.512514058060970e-003	6.606934480075957e-003
1769777	6.456494912947530e-003	6.456542290346556e-003
1780690	6.308470706453795e-003	6.309573444801930e-003
1786051	6.137953474009805e-003	6.165950018614822e-003
1793093	6.014361889003728e-003	6.025595860743574e-003
1823614	5.886677511632521e-003	5.888436553555890e-003
1825892	5.719020894793703e-003	5.754399373371567e-003
1840409	5.623390630992486e-003	5.623413251903491e-003
1843443	5.474966612713073e-003	5.495408738576248e-003
1877426	5.360722589235922e-003	5.370317963702527e-003
1884042	5.234470069072517e-003	5.248074602497728e-003
1980498	5.128608355304931e-003	5.128613839913648e-003
2098992	5.008020426016779e-003	5.011872336272725e-003
2476026	4.897726234896149e-003	4.897788193684461e-003
2757202	4.786233196823475e-003	4.786300923226385e-003
3366716	4.672220150501505e-003	4.677351412871981e-003
3460709	4.569618320409141e-003	4.570881896148752e-003
3621606	4.466788015314416e-003	4.466835921509631e-003
3967514	4.362782333338644e-003	4.365158322401661e-003
4689970	4.251846216627220e-003	4.265795188015926e-003
4691745	4.167869899434185e-003	4.168693834703355e-003
5118403	3.924134400694390e-003	3.981071705534973e-003
5118683	3.865878249116550e-003	3.890451449942805e-003
5119931	3.800792473369397e-003	3.801893963205613e-003
5120435	3.696562814536675e-003	3.715352290971724e-003
5121335	3.591557293917913e-003	3.630780547701014e-003
5121502	3.533239266697685e-003	3.548133892335753e-003
5124143	3.458216039184281e-003	3.467368504525317e-003
5971482	3.337065237045911e-003	3.388441561392024e-003
5971635	3.289408220812029e-003	3.311311214825911e-003
5972734	3.212438389334937e-003	3.235936569296281e-003
5973466	2.996398074828544e-003	3.019951720402016e-003
5973574	2.834214827094450e-003	2.884031503126606e-003
5973849	2.815722929586539e-003	2.818382931264455e-003
5973866	2.733666666541734e-003	2.754228703338166e-003
5974539	2.682581513182347e-003	2.691534803926917e-003
5974911	2.628950397366991e-003	2.630267991895381e-003
5975267	2.570342350181054e-003	2.570395782768865e-003
6168306	2.511357891782362e-003	2.511886431509579e-003
6845736	2.454443158214748e-003	2.454708915685031e-003
6993161	2.398326159756548e-003	2.398832919019490e-003
7230005	2.342479231357331e-003	2.344228815319923e-003
11615164	2.315695057771738e-003	2.344228815319923e-003
%
% index = 1805, name = bbob_f002_i13_d10__bbob_f015_i14_d10
% instance = 6, reference value = 9.787341318742240e-001
% function evaluation | indicator value | target hit
1	4.715298879049564e+000	4.786300923226384e+000
13	8.684304219275281e-001	8.709635899560806e-001
14	5.772019227161100e-001	5.888436553555889e-001
16	5.530395530441959e-001	5.623413251903491e-001
17	5.033030168530926e-001	5.128613839913648e-001
18	4.379168715697215e-001	4.466835921509632e-001
21	4.233856119484164e-001	4.265795188015927e-001
25	3.941416196563762e-001	3.981071705534973e-001
31	3.828860491932593e-001	3.890451449942806e-001
32	3.780235310300507e-001	3.801893963205612e-001
38	3.669984466970391e-001	3.715352290971726e-001
42	3.554247128361620e-001	3.630780547701014e-001
43	3.457690268187202e-001	3.467368504525316e-001
44	3.372423914849931e-001	3.388441561392026e-001
48	3.273177785222416e-001	3.311311214825911e-001
51	3.179864044986326e-001	3.235936569296283e-001
59	3.023133185093148e-001	3.090295432513591e-001
65	3.011346231294482e-001	3.019951720402016e-001
77	2.902062174717675e-001	2.951209226666385e-001
78	2.797588447751067e-001	2.818382931264454e-001
83	2.723342236086507e-001	2.754228703338166e-001
84	2.680657512733552e-001	2.691534803926916e-001
87	2.628883806836062e-001	2.630267991895382e-001
89	2.539528028821040e-001	2.570395782768864e-001
90	2.473231656383479e-001	2.511886431509580e-001
91	2.452906402133310e-001	2.454708915685031e-001
95	2.393191786612817e-001	2.398832919019490e-001
98	2.308298942997784e-001	2.344228815319922e-001
156	2.290566748245141e-001	2.290867652767773e-001
596	2.196770542776924e-001	2.238721138568340e-001
605	2.061733839031110e-001	2.089296130854039e-001
691	2.036256023426041e-001	2.041737944669530e-001
802	1.978660050784755e-001	1.995262314968880e-001
889	1.949595313217059e-001	1.949844599758046e-001
980	1.895736060702455e-001	1.905460717963247e-001
1380	1.861982838467908e-001	1.862087136662868e-001
1581	1.818917065471783e-001	1.819700858609984e-001
2247	1.778113578966865e-001	1.778279410038923e-001
13086	1.389019063008210e-001	1.412537544622755e-001
13360	1.341063798542801e-001	1.348962882591654e-001
13489	1.287737567187260e-001	1.288249551693134e-001
13605	1.258903352174532e-001	1.258925411794167e-001
13765	1.224587500582386e-001	1.230268770812382e-001
15718	1.202257163038286e-001	1.202264434617413e-001
23458	1.100642184033956e-001	1.122018454301964e-001
23526	1.076514500564727e-001	1.096478196143185e-001
23728	1.069654386335349e-001	1.071519305237607e-001
23769	9.557957720034593e-002	9.772372209558107e-002
23770	9.547418629981685e-002	9.549925860214359e-002
23892	8.933351695799086e-002	9.120108393559097e-002
23915	8.869650590640821e-002	8.912509381337455e-002
23922	7.837580412854328e-002	7.943282347242814e-002
24012	7.497273208681599e-002	7.585775750291836e-002
24087	6.851174431690721e-002	6.918309709189366e-002
24116	6.268395522521564e-002	6.309573444801933e-002
24275	5.967362333620419e-002	6.025595860743578e-002
24290	5.699053704113632e-002	5.754399373371569e-002
24419	5.581769545476534e-002	5.623413251903491e-002
24427	5.452590967828075e-002	5.495408738576246e-002
24679	5.287849183664406e-002	5.370317963702527e-002
24703	5.225514199774861e-002	5.248074602497726e-002
24721	5.082211373917500e-002	5.128613839913648e-002
24745	4.917221145694728e-002	5.011872336272722e-002
24810	4.883792193469749e-002	4.897788193684461e-002
25044	4.681686040206579e-002	4.786300923226383e-002
25049	4.671206062259570e-002	4.677351412871982e-002
25306	4.562839660078699e-002	4.570881896148749e-002
34242	4.455524551690981e-002	4.466835921509630e-002
35035	4.364913801110271e-002	4.365158322401658e-002
44563	3.438943220411761e-002	3.467368504525317e-002
44575	3.198135820333137e-002	3.235936569296283e-002
44632	3.060078898313146e-002	3.090295432513590e-002
44660	2.857473063417371e-002	2.884031503126606e-002
44714	2.785701587143896e-002	2.818382931264454e-002
44763	2.469627601212265e-002	2.511886431509579e-002
44928	2.358781157968681e-002	2.398832919019490e-002
45005	2.344194218446627e-002	2.344228815319923e-002
45013	2.277128102015680e-002	2.290867652767774e-002
45027	2.229737443849156e-002	2.238721138568340e-002
45043	2.141326300140278e-002	2.187761623949553e-002
45066	2.096452017074757e-002	2.137962089502233e-002
45158	2.063954338072926e-002	2.089296130854040e-002
45339	2.037980991367316e-002	2.041737944669530e-002
50882	1.994436695016844e-002	1.995262314968880e-002
58570	1.947923174704092e-002	1.949844599758046e-002
62097	1.905111245910407e-002	1.905460717963247e-002
69702	1.847800564753832e-002	1.862087136662868e-002
69753	1.787663898935654e-002	1.819700858609984e-002
69764	1.774077296058829e-002	1.778279410038923e-002
69917	1.720774151734450e-002	1.737800828749376e-002
70135	1.685653503831264e-002	1.698243652461744e-002
70393	1.655014023363421e-002	1.659586907437561e-002
80271	1.617762513769838e-002	1.621810097358930e-002
85366	1.584355577813801e-002	1.584893192461113e-002
94270	1.547252075438188e-002	1.548816618912481e-002
94551	1.513084806689102e-002	1.513561248436208e-002
106430	1.478969488173254e-002	1.479108388168207e-002
134139	1.435413975469380e-002	1.445439770745927e-002
134986	1.412378708615691e-002	1.412537544622754e-002
163532	1.375858758426141e-002	1.380384264602885e-002
163845	1.348224823490218e-002	1.348962882591653e-002
195877	1.308547682138572e-002	1.318256738556408e-002
195984	1.283036589564701e-002	1.288249551693134e-002
196079	1.257399341862053e-002	1.258925411794168e-002
196086	1.193662854560940e-002	1.202264434617413e-002
196343	1.146421471653836e-002	1.148153621496883e-002
196734	1.120949397274318e-002	1.122018454301964e-002
212616	1.092685200840293e-002	1.096478196143185e-002
238409	1.069075989928925e-002	1.071519305237607e-002
255187	1.047108219621251e-002	1.047128548050900e-002
289070	1.023186049190883e-002	1.023292992280754e-002
315911	9.912669402634800e-003	1.000000000000000e-002
315971	9.712437171247590e-003	9.772372209558112e-003
316126	9.484368775240726e-003	9.549925860214359e-003
316527	9.315628024014311e-003	9.332543007969915e-003
413171	9.008182435774281e-003	9.120108393559097e-003
413257	8.712181509640482e-003	8.912509381337459e-003
413281	8.668921882303282e-003	8.709635899560805e-003
413431	8.491447900233151e-003	8.511380382023768e-003
432195	8.317611465044728e-003	8.317637711026709e-003
473119	8.118416550321972e-003	8.128305161640995e-003
623361	7.943196224475035e-003	7.943282347242814e-003
1329979	7.759617261435481e-003	7.762471166286920e-003
1490233	7.585492598930599e-003	7.585775750291836e-003
1836673	7.413085667821839e-003	7.413102413009177e-003
3787663	7.244343632407224e-003	7.244359600749898e-003
4155672	6.780586161408975e-003	6.918309709189363e-003
4155682	6.704718018761713e-003	6.760829753919818e-003
4155694	6.435775848292469e-003	6.456542290346556e-003
4155751	5.815788244959652e-003	5.888436553555890e-003
4155875	5.591122596168230e-003	5.623413251903491e-003
4155912	5.396684726059364e-003	5.495408738576248e-003
4156054	5.306406363252636e-003	5.370317963702527e-003
4156205	5.216178548255512e-003	5.248074602497728e-003
4156363	5.123972809846111e-003	5.128613839913648e-003
4407517	5.011790938421634e-003	5.011872336272725e-003
5119889	4.886825947886364e-003	4.897788193684461e-003
9934109	3.663842786781224e-003	3.715352290971724e-003
9934733	3.592440897250193e-003	3.630780547701014e-003
9935013	2.510418099779477e-003	2.511886431509579e-003
9937184	2.448624243406083e-003	2.454708915685031e-003
9937791	2.346989610523043e-003	2.398832919019490e-003
9938178	2.339120173285303e-003	2.344228815319923e-003
9938676	2.288701727201747e-003	2.290867652767772e-003
9938801	2.221857945580608e-003	2.238721138568340e-003
9938836	2.174980214641131e-003	2.187761623949552e-003
9939200	2.116824280979479e-003	2.137962089502233e-003
9940158	2.083310556715401e-003	2.089296130854039e-003
10257689	2.026133736390934e-003	2.041737944669530e-003
10258251	1.994594508265668e-003	1.995262314968879e-003
10258532	1.947122770156518e-003	1.949844599758046e-003
10450650	1.869216654464156e-003	1.905460717963246e-003
10453905	1.855284734277318e-003	1.862087136662868e-003
10454467	1.819528761119127e-003	1.819700858609983e-003
10456920	1.773285451573736e-003	1.778279410038923e-003
10946757	1.722989590305701e-003	1.737800828749376e-003
10946803	1.242887337834731e-003	1.258925411794168e-003
10947104	1.119586587176591e-003	1.122018454301963e-003
10948216	9.963235813644777e-004	1.000000000000000e-003
10948313	9.714722443401325e-004	9.772372209558111e-004
10948493	9.030826035485440e-004	9.120108393559096e-004
10948558	8.829568359336459e-004	8.912509381337459e-004
10948942	8.312786487252311e-004	8.317637711026709e-004
10949237	7.989650478036348e-004	8.128305161640995e-004
10949268	7.391903723079629e-004	7.413102413009177e-004
10949277	6.553394449223537e-004	6.606934480075958e-004
10949658	6.421120293281790e-004	6.456542290346556e-004
10950281	6.300793655608095e-004	6.309573444801930e-004
10950439	6.094152972022648e-004	6.165950018614822e-004
10950731	5.995756426531163e-004	6.025595860743575e-004
10951013	5.854320006046798e-004	5.888436553555889e-004
10952355	5.747775421361956e-004	5.754399373371566e-004
11543057	5.636372655423161e-004	5.754399373371566e-004
%
% index = 1806, name = bbob_f002_i15_d10__bbob_f015_i16_d10
% instance = 7, reference value = 9.541366374604910e-001
% function evaluation | indicator value | target hit
1	6.211936137424530e-001	6.309573444801933e-001
10	6.123676489609499e-001	6.165950018614822e-001
12	5.984855930600233e-001	6.025595860743578e-001
13	4.564485509288134e-001	4.570881896148750e-001
17	4.461346264097863e-001	4.466835921509632e-001
24	4.319836053910243e-001	4.365158322401660e-001
25	4.125133662384924e-001	4.168693834703354e-001
43	4.068753031948872e-001	4.073802778041127e-001
58	3.961637317116605e-001	3.981071705534973e-001
65	3.884258811103909e-001	3.890451449942806e-001
103	3.800264384087327e-001	3.801893963205612e-001
732	3.714383420950250e-001	3.715352290971726e-001
3515	3.630779658277377e-001	3.630780547701014e-001
20339	3.483808874404140e-001	3.548133892335755e-001
20997	3.171760567176258e-001	3.235936569296283e-001
21089	2.822871301649621e-001	2.884031503126606e-001
21216	2.817860690727391e-001	2.818382931264454e-001
21979	2.579016997985965e-001	2.630267991895382e-001
22485	2.398142277203083e-001	2.398832919019490e-001
22807	2.298735453225419e-001	2.344228815319922e-001
22827	2.273620363357090e-001	2.290867652767773e-001
22919	2.216287575107565e-001	2.238721138568340e-001
22922	2.136190245340366e-001	2.137962089502232e-001
23164	2.067380856986263e-001	2.089296130854039e-001
23293	2.009803762069228e-001	2.041737944669530e-001
29343	1.995195901002241e-001	1.995262314968880e-001
32545	1.848435939818079e-001	1.862087136662868e-001
33401	1.766668962916632e-001	1.778279410038923e-001
33744	1.545233350569099e-001	1.548816618912481e-001
34829	1.495000238723047e-001	1.513561248436208e-001
35186	1.437084920049397e-001	1.445439770745928e-001
35305	1.356602957808822e-001	1.380384264602885e-001
35411	1.225571497950488e-001	1.230268770812382e-001
35465	1.165485517772242e-001	1.174897554939529e-001
35745	1.081994839762926e-001	1.096478196143185e-001
35759	1.058613239810177e-001	1.071519305237607e-001
35995	1.018447979991460e-001	1.023292992280754e-001
36126	9.812460834371517e-002	1.000000000000000e-001
36253	9.769505000371981e-002	9.772372209558107e-002
45470	9.453711060553682e-002	9.549925860214359e-002
45498	9.138202174799781e-002	9.332543007969910e-002
45547	8.744861439307350e-002	8.912509381337455e-002
45561	8.676548317188060e-002	8.709635899560805e-002
45564	7.895976286136941e-002	7.943282347242814e-002
45769	7.186436389849260e-002	7.244359600749903e-002
45791	6.929842763910166e-002	7.079457843841380e-002
45805	6.808163021495384e-002	6.918309709189366e-002
45885	6.697940930608981e-002	6.760829753919818e-002
45924	6.563881018659301e-002	6.606934480075961e-002
46211	6.318764613387762e-002	6.456542290346556e-002
46307	6.257176070369208e-002	6.309573444801933e-002
49476	6.165289049678602e-002	6.165950018614822e-002
59268	6.021802586997793e-002	6.025595860743578e-002
68617	5.587874351024935e-002	5.623413251903491e-002
68980	5.479190384470345e-002	5.495408738576246e-002
83811	5.364844352635867e-002	5.370317963702527e-002
120357	5.187776928918775e-002	5.248074602497726e-002
120380	5.039490476309905e-002	5.128613839913648e-002
120473	4.609203591375788e-002	4.677351412871982e-002
120538	4.363923734582187e-002	4.365158322401658e-002
120619	3.866613534946206e-002	3.890451449942807e-002
120702	3.303931805760507e-002	3.311311214825911e-002
120814	3.114620392455070e-002	3.162277660168379e-002
120838	2.942756040814720e-002	2.951209226666385e-002
120857	2.823126124028319e-002	2.884031503126606e-002
120892	2.760742232652047e-002	2.818382931264454e-002
121039	2.747147227699531e-002	2.754228703338166e-002
121121	2.401505440484575e-002	2.454708915685030e-002
121152	2.397042095186586e-002	2.398832919019490e-002
121262	2.199945400320991e-002	2.238721138568340e-002
121379	2.061409907292899e-002	2.089296130854040e-002
121497	2.027534642298667e-002	2.041737944669530e-002
121580	1.968889444629673e-002	1.995262314968880e-002
121668	1.947954305649124e-002	1.949844599758046e-002
121832	1.885791919971125e-002	1.905460717963247e-002
122175	1.851322384464615e-002	1.862087136662868e-002
139356	1.819315937456190e-002	1.819700858609984e-002
152180	1.778237302992469e-002	1.778279410038923e-002
181163	1.736204498334770e-002	1.737800828749376e-002
181436	1.697957859322152e-002	1.698243652461744e-002
181614	1.659536479128221e-002	1.659586907437561e-002
181825	1.619096660819219e-002	1.621810097358930e-002
182225	1.582972437344055e-002	1.584893192461113e-002
204763	1.548383084132099e-002	1.548816618912481e-002
375803	1.503166168017078e-002	1.513561248436208e-002
388796	1.478385759525036e-002	1.479108388168207e-002
405381	1.440753067866274e-002	1.445439770745927e-002
405952	1.412530190207784e-002	1.412537544622754e-002
410737	1.379822385543239e-002	1.380384264602885e-002
412415	1.341090013144852e-002	1.348962882591653e-002
419282	1.318252365195483e-002	1.318256738556408e-002
467439	1.273383029171904e-002	1.288249551693134e-002
467933	1.258643549366856e-002	1.258925411794168e-002
558421	1.185081502661467e-002	1.202264434617413e-002
570428	1.173428507308683e-002	1.174897554939530e-002
595756	1.086596671590423e-002	1.096478196143185e-002
603540	1.046995638369819e-002	1.047128548050900e-002
613545	1.021132089474475e-002	1.023292992280754e-002
641700	9.977471007808547e-003	1.000000000000000e-002
676580	9.766911225284169e-003	9.772372209558112e-003
956857	9.489751025432036e-003	9.549925860214359e-003
958662	9.326320051906367e-003	9.332543007969915e-003
1046081	9.012276474526293e-003	9.120108393559097e-003
1046728	8.905504772490525e-003	8.912509381337459e-003
1047493	8.704968892061737e-003	8.709635899560805e-003
1152733	8.487194813338927e-003	8.511380382023768e-003
1152853	7.977020914534005e-003	8.128305161640995e-003
1153053	7.272032896293301e-003	7.413102413009177e-003
1153239	7.214714135588496e-003	7.244359600749898e-003
1153313	6.901753965553481e-003	6.918309709189363e-003
1153510	6.588578701943848e-003	6.606934480075957e-003
1153830	6.069488042772631e-003	6.165950018614822e-003
1153934	6.013691470515448e-003	6.025595860743574e-003
1154206	5.887160315961593e-003	5.888436553555890e-003
1324475	5.754087210888770e-003	5.754399373371567e-003
1401837	5.621792889613175e-003	5.623413251903491e-003
1471410	5.495381315702375e-003	5.495408738576248e-003
2173970	5.368838744224003e-003	5.370317963702527e-003
3347693	5.135594344428451e-003	5.248074602497728e-003
3347915	4.989693108768512e-003	5.011872336272725e-003
3348493	4.773341296205880e-003	4.786300923226385e-003
3348806	4.630408131042207e-003	4.677351412871981e-003
3349017	4.567267910979167e-003	4.570881896148752e-003
3349387	4.439184863897716e-003	4.466835921509631e-003
3349704	4.349221406821813e-003	4.365158322401661e-003
3387001	4.264594272699651e-003	4.265795188015926e-003
3755618	4.168592343037680e-003	4.168693834703355e-003
4387777	4.072712737217876e-003	4.073802778041126e-003
5812220	3.966479650884036e-003	3.981071705534973e-003
6486492	3.886846050691006e-003	3.890451449942805e-003
6717860	3.800385776438264e-003	3.801893963205613e-003
6761474	3.702860636647376e-003	3.715352290971724e-003
7026184	3.628714237323361e-003	3.630780547701014e-003
7482140	3.547986666780134e-003	3.548133892335753e-003
7897896	3.458974483486976e-003	3.467368504525317e-003
7898238	3.381369871937157e-003	3.388441561392024e-003
7898374	3.304892565530015e-003	3.311311214825911e-003
7898927	3.235725420671409e-003	3.235936569296281e-003
8701495	3.134690272257656e-003	3.162277660168379e-003
8703431	3.090039587105076e-003	3.090295432513592e-003
10513519	3.019730702395806e-003	3.019951720402016e-003
11752561	2.998338336664963e-003	3.019951720402016e-003
%
% index = 1807, name = bbob_f002_i17_d10__bbob_f015_i18_d10
% instance = 8, reference value = 9.839819180262540e-001
% function evaluation | indicator value | target hit
1	7.519541488021353e-001	7.585775750291838e-001
6	6.816229115122232e-001	6.918309709189364e-001
13	3.705916046010350e-001	3.715352290971726e-001
14	3.468975354161786e-001	3.548133892335755e-001
16	3.373313203838493e-001	3.388441561392026e-001
18	3.158502852506454e-001	3.162277660168379e-001
19	3.049770448953401e-001	3.090295432513591e-001
20	2.325495168833550e-001	2.344228815319922e-001
22	2.175543456422771e-001	2.187761623949552e-001
29	2.133504794837452e-001	2.137962089502232e-001
34	2.086385514515967e-001	2.089296130854039e-001
40	2.005981533643974e-001	2.041737944669530e-001
41	1.978573431911378e-001	1.995262314968880e-001
43	1.918215816485751e-001	1.949844599758046e-001
45	1.885992064467886e-001	1.905460717963247e-001
59	1.861145492259665e-001	1.862087136662868e-001
65	1.818620470053816e-001	1.819700858609984e-001
69	1.751512597816991e-001	1.778279410038923e-001
74	1.704351143216604e-001	1.737800828749375e-001
77	1.688605566371498e-001	1.698243652461744e-001
82	1.658953048405674e-001	1.659586907437561e-001
98	1.616794918406606e-001	1.621810097358930e-001
112	1.549224117245842e-001	1.584893192461113e-001
113	1.548332540814636e-001	1.548816618912481e-001
116	1.488905006436874e-001	1.513561248436208e-001
142	1.477386447892155e-001	1.479108388168208e-001
444	1.380887830557801e-001	1.412537544622755e-001
479	1.379252594756035e-001	1.380384264602885e-001
529	1.201693669384690e-001	1.202264434617413e-001
603	1.131703653101494e-001	1.148153621496883e-001
821	1.072690791410350e-001	1.096478196143185e-001
863	1.071487411913539e-001	1.071519305237607e-001
935	1.008114135384854e-001	1.023292992280754e-001
979	9.882783788642413e-002	1.000000000000000e-001
1030	9.760583873479956e-002	9.772372209558107e-002
1228	9.434498354011245e-002	9.549925860214359e-002
1249	9.161230401746368e-002	9.332543007969910e-002
1325	9.051859250503991e-002	9.120108393559097e-002
1417	8.758858508476930e-002	8.912509381337455e-002
1555	8.675870599947777e-002	8.709635899560805e-002
1642	8.492279766015798e-002	8.511380382023763e-002
2743	8.317611037459605e-002	8.317637711026708e-002
17112	8.127756870681147e-002	8.128305161640990e-002
23411	7.588557181826905e-002	7.762471166286916e-002
23475	6.527732767437655e-002	6.606934480075961e-002
23789	5.964810940754484e-002	6.025595860743578e-002
23904	5.664721100395742e-002	5.754399373371569e-002
24065	5.433042775894259e-002	5.495408738576246e-002
24117	5.265523637348057e-002	5.370317963702527e-002
24297	5.213741238937009e-002	5.248074602497726e-002
24347	4.985550215546319e-002	5.011872336272722e-002
24422	4.821856002992708e-002	4.897788193684461e-002
24591	4.647265099613940e-002	4.677351412871982e-002
24594	4.506744318781220e-002	4.570881896148749e-002
24661	4.339326038919489e-002	4.365158322401658e-002
24726	4.263530889428313e-002	4.265795188015926e-002
24782	4.126235480795437e-002	4.168693834703355e-002
24814	4.063524683232511e-002	4.073802778041128e-002
25008	3.947137381694588e-002	3.981071705534973e-002
25306	3.883659987060140e-002	3.890451449942807e-002
47778	3.801032634833890e-002	3.801893963205612e-002
69864	3.715182692070407e-002	3.715352290971726e-002
119845	3.341582263766696e-002	3.388441561392026e-002
120017	3.196913229919141e-002	3.235936569296283e-002
120042	2.943035730709254e-002	2.951209226666385e-002
120120	2.598324367347416e-002	2.630267991895382e-002
120201	2.558683082147972e-002	2.570395782768863e-002
120372	2.482866920518256e-002	2.511886431509579e-002
120380	2.452259302001070e-002	2.454708915685030e-002
120417	2.396426644482896e-002	2.398832919019490e-002
120522	2.270902494379212e-002	2.290867652767774e-002
120754	2.238621841927191e-002	2.238721138568340e-002
120762	2.177798470934744e-002	2.187761623949553e-002
157018	2.137386612851289e-002	2.137962089502233e-002
194715	2.085132298772019e-002	2.089296130854040e-002
194762	2.007220079681016e-002	2.041737944669530e-002
194814	1.979398611025374e-002	1.995262314968880e-002
194937	1.944142070690669e-002	1.949844599758046e-002
195147	1.902264117638697e-002	1.905460717963247e-002
305558	1.861993012968277e-002	1.862087136662868e-002
394200	1.792724869314544e-002	1.819700858609984e-002
398191	1.765578886187758e-002	1.778279410038923e-002
398570	1.720530497004369e-002	1.737800828749376e-002
398856	1.695461622006866e-002	1.698243652461744e-002
427485	1.659573001962622e-002	1.659586907437561e-002
539905	1.603011328542336e-002	1.621810097358930e-002
558422	1.582555326159552e-002	1.584893192461113e-002
584435	1.537382174369106e-002	1.548816618912481e-002
586155	1.258223731461805e-002	1.258925411794168e-002
593920	1.164704661642024e-002	1.174897554939530e-002
594791	1.147328383730262e-002	1.148153621496883e-002
596277	1.119711386499511e-002	1.122018454301964e-002
603335	1.096266809853275e-002	1.096478196143185e-002
628196	1.045254720258926e-002	1.047128548050900e-002
633162	1.016215337616899e-002	1.023292992280754e-002
639133	9.987995031573216e-003	1.000000000000000e-002
659274	9.736417166641087e-003	9.772372209558112e-003
671681	9.541800899762420e-003	9.549925860214359e-003
739534	9.318714333711564e-003	9.332543007969915e-003
746409	9.105582412629154e-003	9.120108393559097e-003
754050	8.891178791982202e-003	8.912509381337459e-003
1042497	8.707112123987337e-003	8.709635899560805e-003
1098991	8.491772404960130e-003	8.511380382023768e-003
1126612	8.133002134485090e-003	8.317637711026709e-003
1146285	8.126713414778441e-003	8.128305161640995e-003
1187471	7.917062654285823e-003	7.943282347242814e-003
1474467	7.760689342652616e-003	7.762471166286920e-003
1835895	7.523104875200359e-003	7.585775750291836e-003
1842795	7.173849708814850e-003	7.244359600749898e-003
1852018	7.076811239982495e-003	7.079457843841380e-003
1870408	6.767176998610736e-003	6.918309709189363e-003
1871205	6.601910622507479e-003	6.606934480075957e-003
1871942	6.424029300677980e-003	6.456542290346556e-003
2010738	6.284425108202041e-003	6.309573444801930e-003
2045446	6.149325310664366e-003	6.165950018614822e-003
2985040	6.024891346457340e-003	6.025595860743574e-003
3176077	5.729260321689744e-003	5.754399373371567e-003
3255638	5.612930862895493e-003	5.623413251903491e-003
3272422	5.032522298196285e-003	5.128613839913648e-003
3272894	4.685332030014311e-003	4.786300923226385e-003
3273082	4.646392619647499e-003	4.677351412871981e-003
3273340	4.095922747313519e-003	4.168693834703355e-003
3273823	3.995457673084624e-003	4.073802778041126e-003
3273960	3.822359159600164e-003	3.890451449942805e-003
3274297	3.760883049620634e-003	3.801893963205613e-003
3274303	3.673723938628748e-003	3.715352290971724e-003
3274495	3.604760206303181e-003	3.630780547701014e-003
3274934	3.517097110393386e-003	3.548133892335753e-003
3276016	3.466973827254694e-003	3.467368504525317e-003
3365745	3.381113115976997e-003	3.388441561392024e-003
3403864	3.205171809455787e-003	3.235936569296281e-003
3412083	3.011781391380253e-003	3.019951720402016e-003
3418166	2.843272148211784e-003	2.884031503126606e-003
3486678	2.572267730218347e-003	2.630267991895381e-003
3497633	2.569183157089983e-003	2.570395782768865e-003
3615493	2.479356422327661e-003	2.511886431509579e-003
3634655	2.426649074154796e-003	2.454708915685031e-003
3662208	2.386901330608926e-003	2.398832919019490e-003
3839332	2.339203657817257e-003	2.344228815319923e-003
4110884	2.287505716350391e-003	2.290867652767772e-003
4545234	2.238719853957183e-003	2.238721138568340e-003
4761948	1.981385047387652e-003	1.995262314968879e-003
4762188	1.848315728464667e-003	1.862087136662868e-003
4762423	1.819414423114951e-003	1.819700858609983e-003
4762884	1.707744139355039e-003	1.737800828749376e-003
4762975	1.480102504503700e-003	1.513561248436209e-003
4763044	1.477733924015845e-003	1.479108388168207e-003
4763327	1.320731133849340e-003	1.348962882591653e-003
4763430	1.295731177246906e-003	1.318256738556408e-003
4763937	1.226919574659369e-003	1.230268770812381e-003
4764129	1.086257348530961e-003	1.096478196143185e-003
4764280	1.050170586974653e-003	1.071519305237606e-003
4764896	1.043147270417766e-003	1.047128548050900e-003
4764979	1.023111111915109e-003	1.023292992280754e-003
4765272	9.949561265946150e-004	1.000000000000000e-003
4766438	9.760205993510907e-004	9.772372209558111e-004
5699386	9.318537633019597e-004	9.332543007969915e-004
5699430	9.033735697693279e-004	9.120108393559096e-004
5699523	8.906283619825040e-004	8.912509381337459e-004
5699616	8.625925469188944e-004	8.709635899560805e-004
5699654	8.447578182317894e-004	8.511380382023768e-004
5699714	8.294312353543942e-004	8.317637711026709e-004
5699820	8.049014330032689e-004	8.128305161640995e-004
5699871	7.928314317812157e-004	7.943282347242813e-004
5700017	7.745132248669906e-004	7.762471166286919e-004
5700167	7.584815476862072e-004	7.585775750291835e-004
5700266	7.388546664047757e-004	7.413102413009177e-004
5700695	7.199614463463400e-004	7.244359600749898e-004
5904219	7.005340377171931e-004	7.079457843841380e-004
5904648	6.913449111578540e-004	6.918309709189362e-004
6067306	6.757379440618383e-004	6.760829753919819e-004
6313530	6.602044908622373e-004	6.606934480075958e-004
6577772	6.453870994450606e-004	6.456542290346556e-004
6824905	6.307898466449968e-004	6.309573444801930e-004
7348701	6.080289128428396e-004	6.165950018614822e-004
7349680	6.018556760120086e-004	6.025595860743575e-004
7350040	5.870938461568498e-004	5.888436553555889e-004
7350528	5.749705659522375e-004	5.754399373371566e-004
7351468	5.617887133816391e-004	5.623413251903491e-004
7351589	5.484894706359045e-004	5.495408738576249e-004
7352828	5.350845123422987e-004	5.370317963702527e-004
7354906	5.243491424004043e-004	5.248074602497728e-004
8735372	5.126265516485207e-004	5.128613839913648e-004
9069204	4.994595080354269e-004	5.011872336272725e-004
9069338	4.860503599921628e-004	4.897788193684461e-004
9070519	3.893180779971361e-004	3.981071705534974e-004
9070605	3.878875880061194e-004	3.890451449942804e-004
9070729	3.764520395502791e-004	3.801893963205612e-004
9070855	3.644009891486943e-004	3.715352290971724e-004
9071557	3.504686229343079e-004	3.548133892335753e-004
9071643	3.462896526186254e-004	3.467368504525317e-004
9072201	3.386986451840990e-004	3.388441561392024e-004
9072292	3.142946817732417e-004	3.162277660168379e-004
9072759	3.088122078210853e-004	3.090295432513592e-004
9072762	2.926857649770964e-004	2.951209226666387e-004
9072811	2.846925364490271e-004	2.884031503126606e-004
9073260	2.805507545957653e-004	2.818382931264455e-004
9074196	2.523386308772579e-004	2.570395782768865e-004
9074356	2.505742953630152e-004	2.511886431509580e-004
9074907	2.450068042719744e-004	2.454708915685031e-004
9074976	2.391171466082920e-004	2.398832919019490e-004
9075101	2.289591047902606e-004	2.290867652767772e-004
9075107	2.167028732199539e-004	2.187761623949552e-004
9075517	2.131384128264413e-004	2.137962089502232e-004
9076447	2.049009565536775e-004	2.089296130854039e-004
9076482	2.040511272172196e-004	2.041737944669530e-004
9076979	1.995146510742618e-004	1.995262314968879e-004
9077247	1.924608320570398e-004	1.949844599758046e-004
9078245	1.905398205755970e-004	1.905460717963246e-004
9220041	1.860630695454946e-004	1.862087136662868e-004
9782396	1.811991165603377e-004	1.819700858609983e-004
10029206	1.776396689602278e-004	1.778279410038923e-004
10554353	1.737493570020954e-004	1.737800828749376e-004
10629256	1.697592935498982e-004	1.698243652461744e-004
10924831	1.659429323050965e-004	1.659586907437562e-004
11355683	1.645461873809317e-004	1.659586907437562e-004
%
% index = 1808, name = bbob_f002_i19_d10__bbob_f015_i21_d10
% instance = 9, reference value = 9.939200994341570e-001
% function evaluation | indicator value | target hit
1	3.415892755074034e-001	3.467368504525316e-001
4	3.371990519819661e-001	3.388441561392026e-001
9	2.615765562038607e-001	2.630267991895382e-001
10	2.493647404435850e-001	2.511886431509580e-001
13	2.402025757315693e-001	2.454708915685031e-001
14	1.542785233439676e-001	1.548816618912481e-001
15	1.489497937593145e-001	1.513561248436208e-001
16	1.451061893646171e-001	1.479108388168208e-001
17	1.434900572899528e-001	1.445439770745928e-001
18	1.387008667104290e-001	1.412537544622755e-001
19	1.365618818649500e-001	1.380384264602885e-001
24	1.331250455182487e-001	1.348962882591654e-001
25	1.249799011262788e-001	1.258925411794167e-001
45	1.207267078814392e-001	1.230268770812382e-001
49	1.086194389116406e-001	1.096478196143185e-001
50	9.096566491371960e-002	9.120108393559097e-002
52	8.708764245999723e-002	8.709635899560805e-002
56	8.486276650979074e-002	8.511380382023763e-002
62	8.269823013236055e-002	8.317637711026708e-002
66	8.064607693376946e-002	8.128305161640990e-002
81	7.658203611295056e-002	7.762471166286916e-002
83	7.437966412454100e-002	7.585775750291836e-002
84	7.327947091932008e-002	7.413102413009177e-002
89	7.240925828171463e-002	7.244359600749903e-002
91	7.077162054638864e-002	7.079457843841380e-002
104	6.400425479886929e-002	6.456542290346556e-002
105	5.916433374604257e-002	6.025595860743578e-002
107	5.574807452818520e-002	5.623413251903491e-002
108	5.432187417206569e-002	5.495408738576246e-002
109	5.071199019792949e-002	5.128613839913648e-002
110	4.998634243580691e-002	5.011872336272722e-002
115	4.804157475845550e-002	4.897788193684461e-002
118	4.646401097234632e-002	4.677351412871982e-002
120	4.560512502678826e-002	4.570881896148749e-002
163	4.438595047837646e-002	4.466835921509630e-002
190	4.285944021535626e-002	4.365158322401658e-002
209	4.262578913285531e-002	4.265795188015926e-002
260	4.056433108994961e-002	4.073802778041128e-002
309	3.863660813553482e-002	3.890451449942807e-002
360	3.798629315823265e-002	3.801893963205612e-002
367	3.713919624910278e-002	3.715352290971726e-002
543	3.586151794004877e-002	3.630780547701014e-002
553	3.529744152667214e-002	3.548133892335755e-002
617	3.383818255570037e-002	3.388441561392026e-002
825	3.309514747834730e-002	3.311311214825911e-002
855	3.221747910871509e-002	3.235936569296283e-002
929	3.158908310752873e-002	3.162277660168379e-002
956	3.083633785451767e-002	3.090295432513590e-002
986	3.017492585022985e-002	3.019951720402016e-002
1067	2.925026657709273e-002	2.951209226666385e-002
1171	2.881807358321931e-002	2.884031503126606e-002
1202	2.784058281490864e-002	2.818382931264454e-002
1243	2.752042254374454e-002	2.754228703338166e-002
1345	2.691005748042397e-002	2.691534803926915e-002
1430	2.603518690322859e-002	2.630267991895382e-002
1548	2.560547389002843e-002	2.570395782768863e-002
1858	2.509595562891376e-002	2.511886431509579e-002
2121	2.449719072465129e-002	2.454708915685030e-002
2334	2.394152056438836e-002	2.398832919019490e-002
2519	2.342398650822142e-002	2.344228815319923e-002
2791	2.287693263227908e-002	2.290867652767774e-002
3426	2.238577957904286e-002	2.238721138568340e-002
5022	2.186675862659426e-002	2.187761623949553e-002
6813	2.137951690205620e-002	2.137962089502233e-002
11422	2.087598750710484e-002	2.089296130854040e-002
13680	2.036343549346842e-002	2.041737944669530e-002
17526	1.993959484679508e-002	1.995262314968880e-002
31607	1.898464784848131e-002	1.905460717963247e-002
31676	1.757459208508605e-002	1.778279410038923e-002
31732	1.588423262883887e-002	1.621810097358930e-002
31753	1.525606153910897e-002	1.548816618912481e-002
31785	1.457512423919694e-002	1.479108388168207e-002
31984	1.354249647900541e-002	1.380384264602885e-002
32213	1.337326986588638e-002	1.348962882591653e-002
32295	1.255614943282102e-002	1.258925411794168e-002
32486	1.189040684251330e-002	1.202264434617413e-002
32801	1.164907589349706e-002	1.174897554939530e-002
32913	1.060523402763880e-002	1.071519305237607e-002
33245	1.043515027437958e-002	1.047128548050900e-002
33274	9.440294721828613e-003	9.549925860214359e-003
33477	9.271490124476367e-003	9.332543007969915e-003
33534	8.111775510740715e-003	8.128305161640995e-003
33678	7.456104605602532e-003	7.585775750291836e-003
33772	7.407659803792654e-003	7.413102413009177e-003
33847	7.234970905399374e-003	7.244359600749898e-003
33859	6.993308096716167e-003	7.079457843841380e-003
34015	6.911811198525797e-003	6.918309709189363e-003
34188	6.752607190080973e-003	6.760829753919818e-003
36473	6.605265569721963e-003	6.606934480075957e-003
37789	5.957509295781316e-003	6.025595860743574e-003
37863	5.820926349416777e-003	5.888436553555890e-003
38207	5.738406939358343e-003	5.754399373371567e-003
38492	5.622861023106274e-003	5.623413251903491e-003
38800	5.348351772630045e-003	5.370317963702527e-003
38855	5.164655900086634e-003	5.248074602497728e-003
38966	5.091644105969295e-003	5.128613839913648e-003
39157	5.011414932823199e-003	5.011872336272725e-003
39322	4.892660362092460e-003	4.897788193684461e-003
39359	4.783118731669367e-003	4.786300923226385e-003
40044	4.663770059205818e-003	4.677351412871981e-003
40375	4.567149615070654e-003	4.570881896148752e-003
40679	4.466800525981696e-003	4.466835921509631e-003
41095	4.327090732492711e-003	4.365158322401661e-003
41169	4.227427915395543e-003	4.265795188015926e-003
47243	4.161523472765105e-003	4.168693834703355e-003
47542	4.071035391448818e-003	4.073802778041126e-003
47961	3.976780544346137e-003	3.981071705534973e-003
48522	3.888986594186572e-003	3.890451449942805e-003
49503	3.801456100218648e-003	3.801893963205613e-003
49932	3.690474826362311e-003	3.715352290971724e-003
50894	3.608195278440807e-003	3.630780547701014e-003
51290	3.542671116220530e-003	3.548133892335753e-003
51651	3.460049413761102e-003	3.467368504525317e-003
55894	3.360425228326247e-003	3.388441561392024e-003
56750	3.297254119211224e-003	3.311311214825911e-003
56783	3.230915418978686e-003	3.235936569296281e-003
56990	3.138656421486696e-003	3.162277660168379e-003
57113	3.073192228420063e-003	3.090295432513592e-003
57352	3.006677622465759e-003	3.019951720402016e-003
58569	2.948941771575120e-003	2.951209226666387e-003
60260	2.881389099602227e-003	2.884031503126606e-003
66778	2.817619703842200e-003	2.818382931264455e-003
79832	2.744633036276256e-003	2.754228703338166e-003
85296	2.691401031389429e-003	2.691534803926917e-003
98387	2.629961338102560e-003	2.630267991895381e-003
120257	2.566694051857499e-003	2.570395782768865e-003
121065	2.511719731862261e-003	2.511886431509579e-003
137835	2.453842587758937e-003	2.454708915685031e-003
142682	2.397095809988703e-003	2.398832919019490e-003
155154	2.343329992726573e-003	2.344228815319923e-003
165382	2.289908218386816e-003	2.290867652767772e-003
177308	2.228526431094835e-003	2.238721138568340e-003
191469	2.187753273191651e-003	2.187761623949552e-003
221486	2.137885014653174e-003	2.137962089502233e-003
233741	2.081930687162226e-003	2.089296130854039e-003
253142	2.041735406362766e-003	2.041737944669530e-003
263223	1.700309626211594e-003	1.737800828749376e-003
263348	1.678335596117964e-003	1.698243652461744e-003
263693	1.583786816011568e-003	1.584893192461114e-003
263775	1.548101268485258e-003	1.548816618912481e-003
263883	1.480386891234753e-003	1.513561248436209e-003
263896	1.478214326813832e-003	1.479108388168207e-003
264011	1.383974822033673e-003	1.412537544622754e-003
264159	1.372175270430542e-003	1.380384264602885e-003
264225	1.202536200072490e-003	1.230268770812381e-003
264286	1.200935682263205e-003	1.202264434617413e-003
264468	1.130213597010266e-003	1.148153621496883e-003
264528	9.825031413506213e-004	1.000000000000000e-003
264701	9.769739924110343e-004	9.772372209558111e-004
264805	9.548026019169376e-004	9.549925860214359e-004
265006	9.278636221153880e-004	9.332543007969915e-004
265294	9.076045648483966e-004	9.120108393559096e-004
295045	8.912469565529602e-004	8.912509381337459e-004
302930	8.663405224159648e-004	8.709635899560805e-004
302938	8.307892677060780e-004	8.317637711026709e-004
303286	8.126808094313098e-004	8.128305161640995e-004
303375	7.896503802813371e-004	7.943282347242813e-004
304216	7.749164275062670e-004	7.762471166286919e-004
357514	7.585743935719647e-004	7.585775750291835e-004
399991	7.406836193614153e-004	7.413102413009177e-004
402033	7.243116788907544e-004	7.244359600749898e-004
402382	7.058480174285675e-004	7.079457843841380e-004
402557	6.887147466440036e-004	6.918309709189362e-004
405032	6.760810882224799e-004	6.760829753919819e-004
405182	6.568933829306234e-004	6.606934480075958e-004
406115	6.456096553881796e-004	6.456542290346556e-004
410168	6.277657523895419e-004	6.309573444801930e-004
417266	6.165788617225054e-004	6.165950018614822e-004
432361	5.989361934591875e-004	6.025595860743575e-004
440437	5.888248640129046e-004	5.888436553555889e-004
450805	5.753092679470218e-004	5.754399373371566e-004
483566	5.605488588078522e-004	5.623413251903491e-004
530238	5.495401986379545e-004	5.495408738576249e-004
602128	5.368016409990073e-004	5.370317963702527e-004
623096	5.248058848935644e-004	5.248074602497728e-004
669979	5.118984461340848e-004	5.128613839913648e-004
670596	5.004630847158520e-004	5.011872336272725e-004
733336	4.897787585727009e-004	4.897788193684461e-004
928197	4.783358969503437e-004	4.786300923226385e-004
959769	4.672741936252445e-004	4.677351412871981e-004
980747	4.569665145131019e-004	4.570881896148752e-004
1015462	4.465777052237163e-004	4.466835921509631e-004
1059817	4.349515928306902e-004	4.365158322401661e-004
1137372	4.265789265740505e-004	4.265795188015926e-004
1294151	4.165735616783461e-004	4.168693834703355e-004
1466882	4.071113840439233e-004	4.073802778041126e-004
1745269	3.980996484583832e-004	3.981071705534974e-004
2021006	3.890413193422537e-004	3.890451449942804e-004
3339919	3.795012558850397e-004	3.801893963205612e-004
3432886	3.661602566579214e-004	3.715352290971724e-004
3433695	3.630102190277373e-004	3.630780547701014e-004
3493092	3.548119162772867e-004	3.548133892335753e-004
3719777	3.436966332620584e-004	3.467368504525317e-004
3720692	3.347328603793276e-004	3.388441561392024e-004
3720751	3.158928421205243e-004	3.162277660168379e-004
3721273	3.014624048052195e-004	3.019951720402016e-004
3721444	2.939344028823898e-004	2.951209226666387e-004
3721764	2.857461227193658e-004	2.884031503126606e-004
3722372	2.810220480652381e-004	2.818382931264455e-004
3722602	2.745706751614563e-004	2.754228703338166e-004
3723684	2.690418311019904e-004	2.691534803926917e-004
4686289	2.627610491358068e-004	2.630267991895381e-004
5109120	2.567480796242805e-004	2.570395782768865e-004
5109301	2.410579777348820e-004	2.454708915685031e-004
5109402	2.370182176506530e-004	2.398832919019490e-004
5109420	2.330951476242626e-004	2.344228815319923e-004
5109552	2.277602581624016e-004	2.290867652767772e-004
5109565	2.177553270384935e-004	2.187761623949552e-004
5109689	2.055961108810012e-004	2.089296130854039e-004
5109788	2.034986596740618e-004	2.041737944669530e-004
5109961	1.966912144051314e-004	1.995262314968879e-004
5110484	1.949497723585658e-004	1.949844599758046e-004
5111011	1.905300941155153e-004	1.905460717963246e-004
5271035	1.862074260550184e-004	1.862087136662868e-004
5356878	1.819559053333197e-004	1.819700858609983e-004
5477002	1.759292186016559e-004	1.778279410038923e-004
5477148	1.734989465331793e-004	1.737800828749376e-004
5477462	1.696824714978451e-004	1.698243652461744e-004
5477683	1.653701494400695e-004	1.659586907437562e-004
5911796	1.621810052708783e-004	1.621810097358930e-004
6128914	1.584392933721146e-004	1.584893192461114e-004
6575425	1.548815843080975e-004	1.548816618912481e-004
6692690	1.496428481624346e-004	1.513561248436209e-004
6694413	1.471665150721835e-004	1.479108388168207e-004
6732049	1.443344510457800e-004	1.445439770745928e-004
6996326	1.408571609760045e-004	1.412537544622754e-004
7025865	1.371962614994393e-004	1.380384264602885e-004
7086903	1.329626709263287e-004	1.348962882591653e-004
7139491	1.314568909592806e-004	1.318256738556407e-004
7269739	1.288248079606147e-004	1.288249551693134e-004
8360735	1.258925311221626e-004	1.258925411794167e-004
8826536	1.218777926711434e-004	1.230268770812381e-004
8831692	1.202152017720781e-004	1.202264434617413e-004
8834573	1.174631675956439e-004	1.174897554939529e-004
9887256	1.147704896966584e-004	1.148153621496883e-004
10699073	1.121219811932583e-004	1.122018454301963e-004
11888552	1.096776363608276e-004	1.122018454301963e-004
%
% index = 1809, name = bbob_f002_i21_d10__bbob_f015_i22_d10
% instance = 10, reference value = 9.938396356410780e-001
% function evaluation | indicator value | target hit
1	7.087866169132578e+000	7.244359600749901e+000
7	7.073711108287077e+000	7.079457843841379e+000
10	5.839679784841578e+000	5.888436553555890e+000
13	1.770301875552578e+000	1.778279410038923e+000
19	1.551441264816578e+000	1.584893192461114e+000
20	1.243582279847578e+000	1.258925411794167e+000
21	1.177510709918078e+000	1.202264434617413e+000
22	9.631073901870358e-001	9.772372209558107e-001
23	8.664681817356208e-001	8.709635899560806e-001
28	8.368137768334766e-001	8.511380382023764e-001
29	8.304779844627334e-001	8.317637711026710e-001
30	7.897271218363436e-001	7.943282347242815e-001
54	3.397318686754636e-001	3.467368504525316e-001
72	3.387186411202243e-001	3.388441561392026e-001
104	3.253533432587257e-001	3.311311214825911e-001
108	2.947912121434213e-001	2.951209226666385e-001
111	2.792550350495640e-001	2.818382931264454e-001
117	2.725734845843075e-001	2.754228703338166e-001
122	2.685922652785819e-001	2.691534803926916e-001
128	2.609733324130902e-001	2.630267991895382e-001
130	2.565861223190225e-001	2.570395782768864e-001
135	2.505937586654736e-001	2.511886431509580e-001
139	2.436913166097013e-001	2.454708915685031e-001
140	2.392542850335373e-001	2.398832919019490e-001
151	2.294731571310059e-001	2.344228815319922e-001
165	2.278300924448581e-001	2.290867652767773e-001
219	2.198366785296450e-001	2.238721138568340e-001
225	1.699196616801839e-001	1.737800828749375e-001
234	1.580354739268578e-001	1.584893192461113e-001
296	1.469698610509678e-001	1.479108388168208e-001
387	1.395626138660546e-001	1.412537544622755e-001
495	1.372995213121783e-001	1.380384264602885e-001
524	1.327291345242873e-001	1.348962882591654e-001
586	1.265149498335004e-001	1.288249551693134e-001
634	1.255268901925247e-001	1.258925411794167e-001
738	1.224962297144906e-001	1.230268770812382e-001
826	1.201244678820079e-001	1.202264434617413e-001
894	1.164687659790397e-001	1.174897554939529e-001
972	1.134355752055520e-001	1.148153621496883e-001
1052	1.118229496624016e-001	1.122018454301964e-001
1134	1.093779920136397e-001	1.096478196143185e-001
1174	1.069659837339155e-001	1.071519305237607e-001
1285	1.043593705592960e-001	1.047128548050900e-001
1386	1.022041050287239e-001	1.023292992280754e-001
1409	9.989041585707292e-002	1.000000000000000e-001
1476	9.738671163028756e-002	9.772372209558107e-002
1524	9.204406592593306e-002	9.332543007969910e-002
1552	9.076957927764506e-002	9.120108393559097e-002
1597	8.911813136008040e-002	8.912509381337455e-002
1696	8.685325755793505e-002	8.709635899560805e-002
1911	8.507753585615041e-002	8.511380382023763e-002
2093	8.311087516108151e-002	8.317637711026708e-002
2290	8.054362589861874e-002	8.128305161640990e-002
2464	7.924647473634994e-002	7.943282347242814e-002
2574	7.762228042766384e-002	7.762471166286916e-002
2876	7.452732609497614e-002	7.585775750291836e-002
2892	7.353126543322786e-002	7.413102413009177e-002
3061	7.211851473093278e-002	7.244359600749903e-002
3334	7.066416115091667e-002	7.079457843841380e-002
4039	6.918261673195048e-002	6.918309709189366e-002
4586	6.758310296892278e-002	6.760829753919818e-002
9508	6.606846323928539e-002	6.606934480075961e-002
11237	6.408169809147502e-002	6.456542290346556e-002
11303	4.914707422984022e-002	5.011872336272722e-002
11315	4.834770998703297e-002	4.897788193684461e-002
11362	4.349880223951608e-002	4.365158322401658e-002
12963	4.263748877029749e-002	4.265795188015926e-002
13414	4.039444155550964e-002	4.073802778041128e-002
13532	3.953876493953523e-002	3.981071705534973e-002
13605	3.875119648029424e-002	3.890451449942807e-002
13753	3.788430388743824e-002	3.801893963205612e-002
13802	3.628780556581968e-002	3.630780547701014e-002
15857	3.529747251660087e-002	3.548133892335755e-002
16196	3.458561145609529e-002	3.467368504525317e-002
16863	3.371886304836380e-002	3.388441561392026e-002
17079	3.300655312410938e-002	3.311311214825911e-002
17300	3.158063005373790e-002	3.162277660168379e-002
17819	3.085665310206942e-002	3.090295432513590e-002
18379	3.019825575562007e-002	3.019951720402016e-002
19085	2.949007914132507e-002	2.951209226666385e-002
19520	2.884028791192039e-002	2.884031503126606e-002
22729	2.777623464234746e-002	2.818382931264454e-002
22785	2.349028907117901e-002	2.398832919019490e-002
22906	2.221628641118101e-002	2.238721138568340e-002
22972	2.115798279367731e-002	2.137962089502233e-002
23050	2.018204296855886e-002	2.041737944669530e-002
23170	1.774251003732996e-002	1.778279410038923e-002
23213	1.700704925425189e-002	1.737800828749376e-002
23353	1.607664586415203e-002	1.621810097358930e-002
23411	1.387309771595380e-002	1.412537544622754e-002
23495	1.320852755147550e-002	1.348962882591653e-002
23515	1.296625737679191e-002	1.318256738556408e-002
23530	1.250918693177283e-002	1.258925411794168e-002
23609	1.225886556264300e-002	1.230268770812382e-002
23703	1.156171878385992e-002	1.174897554939530e-002
23900	1.146736118983949e-002	1.148153621496883e-002
24384	1.117590334315854e-002	1.122018454301964e-002
26372	1.096463091697286e-002	1.096478196143185e-002
28568	1.071491180204309e-002	1.071519305237607e-002
32826	1.043595831470967e-002	1.047128548050900e-002
36612	1.023123491804068e-002	1.023292992280754e-002
44052	8.908399257506972e-003	8.912509381337459e-003
44174	8.623065719386536e-003	8.709635899560805e-003
44212	8.425264711365843e-003	8.511380382023768e-003
44228	7.564779784203890e-003	7.585775750291836e-003
44391	7.412286945197355e-003	7.413102413009177e-003
44505	6.835904472490495e-003	6.918309709189363e-003
44576	6.749616411477200e-003	6.760829753919818e-003
44614	6.543592861890324e-003	6.606934480075957e-003
44746	6.419684396456460e-003	6.456542290346556e-003
44960	6.298874506480368e-003	6.309573444801930e-003
47940	6.165638399850515e-003	6.165950018614822e-003
51576	6.025594824183189e-003	6.025595860743574e-003
57771	5.144868589657237e-003	5.248074602497728e-003
57777	4.353829097054507e-003	4.365158322401661e-003
58038	4.230009891656450e-003	4.265795188015926e-003
58133	4.166368771951201e-003	4.168693834703355e-003
58178	3.475101364468158e-003	3.548133892335753e-003
58405	3.467364482771740e-003	3.467368504525317e-003
59291	3.356669114771060e-003	3.388441561392024e-003
59957	3.302383850939061e-003	3.311311214825911e-003
61355	3.227352439115427e-003	3.235936569296281e-003
61946	3.156238990026261e-003	3.162277660168379e-003
63338	3.086366011047947e-003	3.090295432513592e-003
68518	2.991330409222281e-003	3.019951720402016e-003
68606	2.942552235478568e-003	2.951209226666387e-003
68726	2.853545529611923e-003	2.884031503126606e-003
68808	2.789166855942882e-003	2.818382931264455e-003
69082	2.753967872260676e-003	2.754228703338166e-003
71155	2.691479520047890e-003	2.691534803926917e-003
73161	2.629086929160751e-003	2.630267991895381e-003
76242	2.570383964914047e-003	2.570395782768865e-003
85172	2.511886351780124e-003	2.511886431509579e-003
92180	2.384678958887276e-003	2.398832919019490e-003
92312	2.329611988669544e-003	2.344228815319923e-003
92483	2.255158901529719e-003	2.290867652767772e-003
92552	2.238586618403704e-003	2.238721138568340e-003
92712	2.180175080360947e-003	2.187761623949552e-003
92948	2.136847085372096e-003	2.137962089502233e-003
97118	2.089292638378093e-003	2.089296130854039e-003
101257	2.040953331256201e-003	2.041737944669530e-003
107873	1.991342039351807e-003	1.995262314968879e-003
108072	1.949326044358490e-003	1.949844599758046e-003
108330	1.890946811790140e-003	1.905460717963246e-003
108524	1.860532633194967e-003	1.862087136662868e-003
109084	1.817558716494583e-003	1.819700858609983e-003
112002	1.778274071880581e-003	1.778279410038923e-003
120641	1.737033011562139e-003	1.737800828749376e-003
126817	1.698199797315336e-003	1.698243652461744e-003
135155	1.631660087224374e-003	1.659586907437561e-003
135342	1.621714414718034e-003	1.621810097358930e-003
141017	1.584885990996932e-003	1.584893192461114e-003
149482	1.545220116288548e-003	1.548816618912481e-003
164912	1.513344743991230e-003	1.513561248436209e-003
187097	1.479056455112371e-003	1.479108388168207e-003
193223	1.441114646406838e-003	1.445439770745928e-003
200182	1.412509491650837e-003	1.412537544622754e-003
223187	1.380140410891628e-003	1.380384264602885e-003
230597	1.346137930207991e-003	1.348962882591653e-003
231069	1.318202457174289e-003	1.318256738556408e-003
244935	1.287742147083382e-003	1.288249551693134e-003
252860	1.258714914916803e-003	1.258925411794168e-003
254398	1.224147052277691e-003	1.230268770812381e-003
257542	1.202229630656637e-003	1.202264434617413e-003
267893	1.174425664892009e-003	1.174897554939529e-003
282765	1.147978936654637e-003	1.148153621496883e-003
286510	1.121591710986247e-003	1.122018454301963e-003
310991	1.096466353655234e-003	1.096478196143185e-003
317176	1.071061479733682e-003	1.071519305237606e-003
327477	1.046941348604946e-003	1.047128548050900e-003
328166	1.022281295752991e-003	1.023292992280754e-003
356221	9.999708015087094e-004	1.000000000000000e-003
369292	9.669428220828724e-004	9.772372209558111e-004
369560	9.513308130134623e-004	9.549925860214359e-004
370231	9.325333114180712e-004	9.332543007969915e-004
419403	9.120084489440128e-004	9.120108393559096e-004
463682	8.898333154063742e-004	8.912509381337459e-004
499596	8.707950045916402e-004	8.709635899560805e-004
517659	8.509270611675168e-004	8.511380382023768e-004
551204	8.317566328207571e-004	8.317637711026709e-004
587267	8.126210388191835e-004	8.128305161640995e-004
597760	7.928964197285726e-004	7.943282347242813e-004
603289	7.761343240872964e-004	7.762471166286919e-004
612638	7.561390972978810e-004	7.585775750291835e-004
621979	7.394116682727381e-004	7.413102413009177e-004
622424	7.231897222020889e-004	7.244359600749898e-004
649394	7.079378712749884e-004	7.079457843841380e-004
705464	6.917911230571727e-004	6.918309709189362e-004
773561	6.760619716001948e-004	6.760829753919819e-004
861214	6.541057569003916e-004	6.606934480075958e-004
861596	6.382768149169049e-004	6.456542290346556e-004
861761	6.290579254167872e-004	6.309573444801930e-004
861953	6.163768172839923e-004	6.165950018614822e-004
863513	6.025075450549755e-004	6.025595860743575e-004
985149	5.888422127904303e-004	5.888436553555889e-004
999068	5.747154136819255e-004	5.754399373371566e-004
999686	5.617401750057649e-004	5.623413251903491e-004
1053693	5.495281761866977e-004	5.495408738576249e-004
1121288	5.369661082651467e-004	5.370317963702527e-004
1228108	5.247481849178781e-004	5.248074602497728e-004
1371633	5.128603724359193e-004	5.128613839913648e-004
1767975	5.007014055429249e-004	5.011872336272725e-004
1847384	4.897678223678703e-004	4.897788193684461e-004
2045858	4.770673131551106e-004	4.786300923226385e-004
2046166	4.676978522096809e-004	4.677351412871981e-004
2047170	4.570851309481094e-004	4.570881896148752e-004
2311912	4.465284929022761e-004	4.466835921509631e-004
2313611	4.363658157101602e-004	4.365158322401661e-004
3157368	4.264948579578709e-004	4.265795188015926e-004
3283338	4.166009612958099e-004	4.168693834703355e-004
3364467	4.068401979023806e-004	4.073802778041126e-004
3417891	3.956462800166483e-004	3.981071705534974e-004
3417969	3.825522623701616e-004	3.890451449942804e-004
3418233	3.755963029546949e-004	3.801893963205612e-004
3418510	3.644427791718030e-004	3.715352290971724e-004
3418562	3.625517495517983e-004	3.630780547701014e-004
3418888	3.485179756880230e-004	3.548133892335753e-004
3419375	3.460204027531111e-004	3.467368504525317e-004
3459799	3.387440390020258e-004	3.388441561392024e-004
3603615	3.311277144901759e-004	3.311311214825911e-004
3786423	3.235437155344467e-004	3.235936569296281e-004
3839050	3.162276254047303e-004	3.162277660168379e-004
4868412	3.090235337064318e-004	3.090295432513592e-004
5210783	2.981741726441056e-004	3.019951720402016e-004
5211119	2.884101424689423e-004	2.951209226666387e-004
5211216	2.874137594865989e-004	2.884031503126606e-004
5212015	2.780634149416317e-004	2.818382931264455e-004
5212424	2.746817048151495e-004	2.754228703338166e-004
5212653	2.670892892364662e-004	2.691534803926917e-004
5214663	2.628951520705636e-004	2.630267991895381e-004
5356175	2.564909085155387e-004	2.570395782768865e-004
5727810	2.511571006579283e-004	2.511886431509580e-004
6383992	2.454190144850488e-004	2.454708915685031e-004
6511936	2.396289312981415e-004	2.398832919019490e-004
6665633	2.342968678430424e-004	2.344228815319923e-004
6687634	2.289893578913960e-004	2.290867652767772e-004
6713081	2.238619034710121e-004	2.238721138568340e-004
6746443	2.187265185381593e-004	2.187761623949552e-004
6825819	2.137415616002558e-004	2.137962089502232e-004
6934832	2.088898918068960e-004	2.089296130854039e-004
7106349	2.040760951610432e-004	2.041737944669530e-004
7181836	1.995261667050441e-004	1.995262314968879e-004
7276330	1.949844000623813e-004	1.949844599758046e-004
7428765	1.905449611372401e-004	1.905460717963246e-004
7747511	1.849776982276730e-004	1.862087136662868e-004
7757742	1.794210991464817e-004	1.819700858609983e-004
7758222	1.777579462390877e-004	1.778279410038923e-004
7761369	1.737659386997770e-004	1.737800828749376e-004
8346538	1.698243582578529e-004	1.698243652461744e-004
8602806	1.641642460245008e-004	1.659586907437562e-004
8602974	1.621796086106464e-004	1.621810097358930e-004
8603475	1.583549061227041e-004	1.584893192461114e-004
8827716	1.545154057763787e-004	1.548816618912481e-004
8828631	1.505085226002345e-004	1.513561248436209e-004
8828873	1.476887104606695e-004	1.479108388168207e-004
8829882	1.441787248709359e-004	1.445439770745928e-004
9787630	1.412075040926331e-004	1.412537544622754e-004
10611139	1.380372429815591e-004	1.380384264602885e-004
11838238	1.352798987150905e-004	1.380384264602885e-004
