%
% index = 2070, name = bbob_f008_i02_d05__bbob_f013_i04_d05
% instance = 1, reference value = 8.704457390740060e-01
% function evaluation | indicator value | target hit
1	2.938206405155919e+00	2.951209226666386e+00
3	4.713515998013121e-01	4.786300923226383e-01
55	4.337025145556105e-01	4.365158322401660e-01
56	1.910887764796766e-01	1.949844599758045e-01
57	1.731499713879840e-01	1.737800828749375e-01
62	1.630622610539246e-01	1.659586907437560e-01
64	1.586715564025463e-01	1.621810097358930e-01
66	1.566822081945761e-01	1.584893192461113e-01
67	1.546373768993677e-01	1.548816618912481e-01
74	1.417466909367563e-01	1.445439770745928e-01
77	1.323707171083208e-01	1.348962882591654e-01
78	1.289391197967970e-01	1.318256738556407e-01
84	1.261367078988872e-01	1.288249551693134e-01
87	1.249110458837406e-01	1.258925411794167e-01
95	1.228534531037573e-01	1.230268770812381e-01
98	1.184236334343018e-01	1.202264434617413e-01
103	1.162430296476559e-01	1.174897554939529e-01
104	1.137573448067408e-01	1.148153621496883e-01
%
% index = 2071, name = bbob_f008_i03_d05__bbob_f013_i05_d05
% instance = 2, reference value = 8.828283029373170e-01
% function evaluation | indicator value | target hit
1	1.228626521231247e+00	1.230268770812382e+00
4	8.242274651267449e-01	8.317637711026710e-01
23	7.009568212541269e-01	7.079457843841379e-01
49	5.042970140863299e-01	5.128613839913648e-01
55	4.879766519452206e-01	4.897788193684462e-01
56	4.278099232296611e-01	4.365158322401660e-01
58	4.252320284212481e-01	4.265795188015927e-01
60	3.839458046951837e-01	3.890451449942806e-01
62	3.627341858616900e-01	3.630780547701014e-01
63	3.281110096929740e-01	3.311311214825911e-01
65	3.232267059632936e-01	3.235936569296283e-01
72	2.728202930693270e-01	2.754228703338166e-01
73	2.359990428442774e-01	2.398832919019490e-01
74	1.741802536841499e-01	1.778279410038923e-01
75	1.572372326965591e-01	1.584893192461113e-01
77	1.345025861772784e-01	1.348962882591654e-01
81	1.273905629218571e-01	1.288249551693134e-01
100	1.253686115792992e-01	1.258925411794167e-01
104	1.253436639172439e-01	1.258925411794167e-01
%
% index = 2072, name = bbob_f008_i07_d05__bbob_f013_i08_d05
% instance = 3, reference value = 8.303039713809690e-01
% function evaluation | indicator value | target hit
1	1.443644419049969e+00	1.445439770745927e+00
3	5.905191268941485e-01	6.025595860743578e-01
8	4.652760972552683e-01	4.677351412871982e-01
14	4.447898588937507e-01	4.466835921509631e-01
18	4.316200489551392e-01	4.365158322401660e-01
44	4.178802353555238e-01	4.265795188015927e-01
55	3.683508207258837e-01	3.715352290971726e-01
61	3.596319180442471e-01	3.630780547701014e-01
62	3.322178207678311e-01	3.388441561392025e-01
63	2.326295874009349e-01	2.344228815319922e-01
64	2.078511018488683e-01	2.089296130854039e-01
65	1.636621979588192e-01	1.659586907437560e-01
67	1.585867592274287e-01	1.621810097358930e-01
68	1.545606695265187e-01	1.548816618912481e-01
69	1.468476059348495e-01	1.479108388168208e-01
71	1.414133802577787e-01	1.445439770745928e-01
72	1.359915247090510e-01	1.380384264602885e-01
76	1.107280942891957e-01	1.122018454301964e-01
77	1.091268455173406e-01	1.096478196143185e-01
79	9.671974331337807e-02	9.772372209558107e-02
80	9.210303836493161e-02	9.332543007969910e-02
82	9.103834024415147e-02	9.120108393559097e-02
84	8.767648985530563e-02	8.912509381337455e-02
85	8.706991849908874e-02	8.709635899560805e-02
88	8.467250138543669e-02	8.511380382023763e-02
89	8.177502167280126e-02	8.317637711026708e-02
92	7.925387248728832e-02	7.943282347242814e-02
93	7.719078871768625e-02	7.762471166286916e-02
97	7.522307044543330e-02	7.585775750291836e-02
99	7.245348029067222e-02	7.413102413009177e-02
102	7.112455619428526e-02	7.244359600749903e-02
103	6.981712456848721e-02	7.079457843841380e-02
104	6.896314515687640e-02	6.918309709189366e-02
%
% index = 2073, name = bbob_f008_i09_d05__bbob_f013_i10_d05
% instance = 4, reference value = 8.997301850271020e-01
% function evaluation | indicator value | target hit
1	1.762234043224197e+00	1.778279410038923e+00
2	7.756887679530133e-01	7.762471166286917e-01
18	7.446306132276401e-01	7.585775750291838e-01
21	7.396702534868231e-01	7.413102413009175e-01
34	5.163899430939596e-01	5.248074602497725e-01
55	3.662103029741499e-01	3.715352290971726e-01
56	2.158272061127565e-01	2.187761623949552e-01
57	1.969248575402061e-01	1.995262314968880e-01
58	1.828325177922532e-01	1.862087136662867e-01
59	1.776863279328199e-01	1.778279410038923e-01
60	1.512306394609235e-01	1.513561248436208e-01
63	1.452003241400337e-01	1.479108388168208e-01
65	1.440024274721169e-01	1.445439770745928e-01
69	9.562410129491572e-02	9.772372209558107e-02
70	9.430314240810456e-02	9.549925860214359e-02
88	9.290729789253127e-02	9.332543007969910e-02
89	9.051219938691113e-02	9.120108393559097e-02
90	8.898862822385623e-02	8.912509381337455e-02
91	8.670108067477722e-02	8.709635899560805e-02
95	8.476613255904120e-02	8.511380382023763e-02
104	8.409590663922117e-02	8.511380382023763e-02
%
% index = 2074, name = bbob_f008_i11_d05__bbob_f013_i12_d05
% instance = 5, reference value = 9.274763094939100e-01
% function evaluation | indicator value | target hit
1	8.742969320088486e+01	8.912509381337455e+01
2	1.363649957894910e+00	1.380384264602885e+00
61	7.707288847091790e-01	7.762471166286917e-01
66	6.575105424800639e-01	6.606934480075960e-01
86	5.783527280173715e-01	5.888436553555889e-01
89	5.560433664158007e-01	5.623413251903491e-01
90	5.485336640960843e-01	5.495408738576245e-01
101	5.257035529711785e-01	5.370317963702527e-01
104	5.257035529711785e-01	5.370317963702527e-01
%
% index = 2075, name = bbob_f008_i13_d05__bbob_f013_i14_d05
% instance = 6, reference value = 9.313609546950020e-01
% function evaluation | indicator value | target hit
1	9.600157475086403e+00	9.772372209558107e+00
2	6.053111761730668e+00	6.165950018614822e+00
3	2.466914136010030e+00	2.511886431509580e+00
4	4.645066704595670e-01	4.677351412871982e-01
52	4.287569603560888e-01	4.365158322401660e-01
56	4.214813185252305e-01	4.265795188015927e-01
65	3.992450188053333e-01	4.073802778041127e-01
66	3.907428268010377e-01	3.981071705534972e-01
72	3.841479957471271e-01	3.890451449942806e-01
76	2.943745787669020e-01	2.951209226666385e-01
77	2.665367659925121e-01	2.691534803926916e-01
81	2.355007981303315e-01	2.398832919019490e-01
85	2.320876034615458e-01	2.344228815319922e-01
89	2.224807483957163e-01	2.238721138568339e-01
104	2.220723038799286e-01	2.238721138568339e-01
%
% index = 2076, name = bbob_f008_i15_d05__bbob_f013_i16_d05
% instance = 7, reference value = 9.024974865040580e-01
% function evaluation | indicator value | target hit
1	1.039921678650058e+00	1.047128548050900e+00
4	9.747198843010580e-01	9.772372209558107e-01
7	8.205325596432390e-01	8.317637711026710e-01
12	6.370167180815156e-01	6.456542290346555e-01
29	5.082243481177173e-01	5.128613839913648e-01
41	4.951132285234361e-01	5.011872336272722e-01
57	3.451740519034209e-01	3.467368504525316e-01
61	3.162158315002690e-01	3.162277660168379e-01
62	1.887517617969172e-01	1.905460717963247e-01
68	1.829089524876898e-01	1.862087136662867e-01
70	1.767309020920957e-01	1.778279410038923e-01
82	1.734385471228899e-01	1.737800828749375e-01
83	1.691000999602558e-01	1.698243652461744e-01
88	1.582751639043587e-01	1.584893192461113e-01
92	1.304218388540799e-01	1.318256738556407e-01
95	1.186225841883536e-01	1.202264434617413e-01
97	1.172681550086609e-01	1.174897554939529e-01
100	1.038544364566576e-01	1.047128548050900e-01
104	9.800922891811215e-02	1.000000000000000e-01
%
% index = 2077, name = bbob_f008_i17_d05__bbob_f013_i18_d05
% instance = 8, reference value = 8.043023845378420e-01
% function evaluation | indicator value | target hit
1	6.320265045120191e-01	6.456542290346555e-01
2	6.307452436945985e-01	6.309573444801932e-01
8	5.230916516974319e-01	5.248074602497725e-01
28	4.741841753752847e-01	4.786300923226383e-01
37	4.648458947772983e-01	4.677351412871982e-01
40	4.427920716421479e-01	4.466835921509631e-01
42	4.051701893523000e-01	4.073802778041127e-01
53	3.959028803324335e-01	3.981071705534972e-01
55	3.766497038635188e-01	3.801893963205612e-01
57	2.759507198779535e-01	2.818382931264454e-01
61	2.056666060649611e-01	2.089296130854039e-01
63	1.774955700481730e-01	1.778279410038923e-01
64	1.657736256901216e-01	1.659586907437560e-01
66	1.560646160364652e-01	1.584893192461113e-01
67	1.499338377196041e-01	1.513561248436208e-01
70	1.438360425603274e-01	1.445439770745928e-01
71	1.382931674736725e-01	1.412537544622754e-01
73	1.305565409673524e-01	1.318256738556407e-01
74	1.241760839213480e-01	1.258925411794167e-01
75	1.211714311292160e-01	1.230268770812381e-01
78	1.195449010464142e-01	1.202264434617413e-01
101	1.009429217258263e-01	1.023292992280754e-01
102	9.996161415852967e-02	1.000000000000000e-01
104	9.853195422382033e-02	1.000000000000000e-01
%
% index = 2078, name = bbob_f008_i19_d05__bbob_f013_i21_d05
% instance = 9, reference value = 8.724034672171920e-01
% function evaluation | indicator value | target hit
1	2.174027847575692e+00	2.187761623949553e+00
2	1.724013609933192e+00	1.737800828749375e+00
3	1.334297640028692e+00	1.348962882591654e+00
6	9.386417550671921e-01	9.549925860214360e-01
9	8.007398404972458e-01	8.128305161640993e-01
13	7.883947543468000e-01	7.943282347242815e-01
27	6.186834260830458e-01	6.309573444801932e-01
36	5.861089324506472e-01	5.888436553555889e-01
38	5.678714877926305e-01	5.754399373371569e-01
55	4.564915634471163e-01	4.570881896148750e-01
58	4.235811235179886e-01	4.265795188015927e-01
59	3.608170000841450e-01	3.630780547701014e-01
62	3.342828082641721e-01	3.388441561392025e-01
64	2.944249499352725e-01	2.951209226666385e-01
67	2.824974076489298e-01	2.884031503126606e-01
68	2.773376054574648e-01	2.818382931264454e-01
69	2.686002840038306e-01	2.691534803926916e-01
73	2.596257251408827e-01	2.630267991895382e-01
78	2.416493638808644e-01	2.454708915685030e-01
81	2.341150577392433e-01	2.344228815319922e-01
82	2.259907515944641e-01	2.290867652767773e-01
83	2.127523062661284e-01	2.137962089502232e-01
84	1.938262186322962e-01	1.949844599758045e-01
85	1.892957212710630e-01	1.905460717963247e-01
90	1.856729007244597e-01	1.862087136662867e-01
91	1.696201126228639e-01	1.698243652461744e-01
93	1.638215433640043e-01	1.659586907437560e-01
97	1.606398021750965e-01	1.621810097358930e-01
104	1.586591601936390e-01	1.621810097358930e-01
%
% index = 2079, name = bbob_f008_i21_d05__bbob_f013_i22_d05
% instance = 10, reference value = 9.875484870986360e-01
% function evaluation | indicator value | target hit
1	6.219155797646668e+00	6.309573444801933e+00
2	2.182415818169636e+00	2.187761623949553e+00
3	1.437025204279636e+00	1.445439770745927e+00
13	1.233716638375636e+00	1.258925411794167e+00
17	9.403912259234831e-01	9.549925860214360e-01
55	8.325084140252930e-01	8.511380382023764e-01
58	6.294942487835813e-01	6.309573444801932e-01
60	5.776970832978796e-01	5.888436553555889e-01
61	5.741148531105156e-01	5.754399373371569e-01
67	5.584890298861162e-01	5.623413251903491e-01
68	4.804285725868439e-01	4.897788193684462e-01
70	4.191563056922674e-01	4.265795188015927e-01
71	3.551997845837275e-01	3.630780547701014e-01
76	3.152903131550467e-01	3.162277660168379e-01
81	2.719533574721225e-01	2.754228703338166e-01
89	2.381078866586409e-01	2.398832919019490e-01
104	2.381078866586409e-01	2.398832919019490e-01
%
% index = 2080, name = bbob_f008_i23_d05__bbob_f013_i24_d05
% instance = 11, reference value = 1.000000000000000e+00
% function evaluation | indicator value | target hit
1	1.078256420395000e+00	1.096478196143185e+00
4	1.011984509018500e+00	1.023292992280754e+00
9	7.800278378761063e-01	7.943282347242815e-01
25	6.732992380806395e-01	6.760829753919817e-01
26	6.582952010259568e-01	6.606934480075960e-01
29	6.110666259544906e-01	6.165950018614822e-01
35	5.541027717465578e-01	5.623413251903491e-01
43	4.626618154091147e-01	4.677351412871982e-01
55	4.094053604687162e-01	4.168693834703354e-01
56	4.057238667188651e-01	4.073802778041127e-01
58	3.977136971419404e-01	3.981071705534972e-01
59	3.176242938760656e-01	3.235936569296283e-01
61	3.082875453322556e-01	3.090295432513591e-01
66	2.377507529830967e-01	2.398832919019490e-01
75	2.041893831656361e-01	2.089296130854039e-01
76	2.038633823680851e-01	2.041737944669530e-01
82	1.983324806917881e-01	1.995262314968880e-01
88	1.869677853393592e-01	1.905460717963247e-01
91	1.856449992223204e-01	1.862087136662867e-01
104	1.841750187305723e-01	1.862087136662867e-01
%
% index = 2081, name = bbob_f008_i25_d05__bbob_f013_i26_d05
% instance = 12, reference value = 1.000000000000000e+00
% function evaluation | indicator value | target hit
1	1.190264811235500e+00	1.202264434617413e+00
6	1.136189791359000e+00	1.148153621496883e+00
10	9.990566925208388e-01	1.000000000000000e+00
23	8.504323764322277e-01	8.511380382023764e-01
34	7.517460318879361e-01	7.585775750291838e-01
40	6.861166655788038e-01	6.918309709189365e-01
53	6.668786782736462e-01	6.760829753919817e-01
55	6.288483870904407e-01	6.309573444801932e-01
56	5.577474565451458e-01	5.623413251903491e-01
57	5.119505321748493e-01	5.128613839913648e-01
61	4.131748076773945e-01	4.168693834703354e-01
65	3.772912373438482e-01	3.801893963205612e-01
66	3.583625991915368e-01	3.630780547701014e-01
68	3.212613053358410e-01	3.235936569296283e-01
75	3.134840509663404e-01	3.162277660168379e-01
80	2.962039050844382e-01	3.019951720402016e-01
82	2.921756424219728e-01	2.951209226666385e-01
89	2.826818399690453e-01	2.884031503126606e-01
91	2.747036483774005e-01	2.754228703338166e-01
92	2.689387461156874e-01	2.691534803926916e-01
96	2.623383446327765e-01	2.630267991895382e-01
103	2.546800336526874e-01	2.570395782768864e-01
104	2.546800336526874e-01	2.570395782768864e-01
%
% index = 2082, name = bbob_f008_i27_d05__bbob_f013_i28_d05
% instance = 13, reference value = 1.000000000000000e+00
% function evaluation | indicator value | target hit
1	1.362797951343500e+00	1.380384264602885e+00
3	1.061224014133235e+00	1.071519305237606e+00
7	8.275688783164066e-01	8.317637711026710e-01
10	6.270847220573970e-01	6.309573444801932e-01
60	4.178428182120513e-01	4.265795188015927e-01
61	3.175342338869714e-01	3.235936569296283e-01
62	3.112387046804291e-01	3.162277660168379e-01
76	3.078948220110832e-01	3.090295432513591e-01
90	3.018376164588130e-01	3.019951720402016e-01
93	2.857973183586934e-01	2.884031503126606e-01
99	2.713756753957437e-01	2.754228703338166e-01
104	2.713756753957437e-01	2.754228703338166e-01
%
% index = 2083, name = bbob_f008_i29_d05__bbob_f013_i30_d05
% instance = 14, reference value = 1.000000000000000e+00
% function evaluation | indicator value | target hit
1	2.899366957465727e+00	2.951209226666386e+00
2	1.340604825139000e+00	1.348962882591654e+00
7	1.099839879388500e+00	1.122018454301963e+00
20	1.015188522108500e+00	1.023292992280754e+00
30	8.443791900358454e-01	8.511380382023764e-01
37	7.210670400339034e-01	7.244359600749900e-01
58	6.862848470770614e-01	6.918309709189365e-01
61	5.196183767436873e-01	5.248074602497725e-01
62	4.775424699207258e-01	4.786300923226383e-01
63	4.638192604658871e-01	4.677351412871982e-01
65	4.483351395419761e-01	4.570881896148750e-01
69	4.373335699210533e-01	4.466835921509631e-01
70	4.283752771236459e-01	4.365158322401660e-01
73	3.852436393748561e-01	3.890451449942806e-01
78	3.744199969635136e-01	3.801893963205612e-01
80	3.697382994632100e-01	3.715352290971726e-01
82	3.349167299867816e-01	3.388441561392025e-01
88	3.253315266499014e-01	3.311311214825911e-01
89	3.062420204181204e-01	3.090295432513591e-01
90	2.998629430449945e-01	3.019951720402016e-01
93	2.408012897117127e-01	2.454708915685030e-01
94	2.312659728173788e-01	2.344228815319922e-01
100	2.250875881761204e-01	2.290867652767773e-01
104	2.249429777799530e-01	2.290867652767773e-01
%
% index = 2084, name = bbob_f008_i31_d05__bbob_f013_i34_d05
% instance = 15, reference value = 1.000000000000000e+00
% function evaluation | indicator value | target hit
1	1.025215328616500e+00	1.047128548050900e+00
9	8.964479131084702e-01	9.120108393559098e-01
13	7.336563595864425e-01	7.413102413009175e-01
46	7.203223767105360e-01	7.244359600749900e-01
55	3.258155175058494e-01	3.311311214825911e-01
57	2.790686513188134e-01	2.818382931264454e-01
59	2.648393779774788e-01	2.691534803926916e-01
72	2.618210917287541e-01	2.630267991895382e-01
90	2.265586535530560e-01	2.290867652767773e-01
91	1.734998750711062e-01	1.737800828749375e-01
93	1.679701132976970e-01	1.698243652461744e-01
94	1.570769027514995e-01	1.584893192461113e-01
98	1.544025809984698e-01	1.548816618912481e-01
104	1.544025809984698e-01	1.548816618912481e-01
