%
% index = 1080, name = bbob_f002_i02_d03__bbob_f020_i04_d03
% instance = 1, reference value = 9.986886773450570e-01
% function evaluation | indicator value | target hit
1	4.774508575410056e+00	4.786300923226384e+00
2	2.218933630694057e+00	2.238721138568339e+00
3	4.169700560687194e-01	4.265795188015927e-01
4	3.240920986115736e-01	3.311311214825911e-01
12	4.103538316497679e-02	4.168693834703355e-02
14	3.097516853287596e-02	3.162277660168379e-02
33	1.539295069718150e-02	1.548816618912481e-02
34	5.613747588960383e-03	5.623413251903491e-03
36	5.014272150656418e-03	5.128613839913648e-03
37	4.930927253950279e-03	5.011872336272725e-03
38	4.751423531409005e-03	4.786300923226385e-03
44	4.389983856665336e-03	4.466835921509630e-03
45	4.296477127634479e-03	4.365158322401661e-03
47	3.241101407609692e-03	3.311311214825911e-03
52	3.180512029416271e-03	3.235936569296281e-03
62	3.180512029416271e-03	3.235936569296281e-03
%
% index = 1081, name = bbob_f002_i03_d03__bbob_f020_i05_d03
% instance = 2, reference value = 9.937776136446100e-01
% function evaluation | indicator value | target hit
1	2.612505139275610e+00	2.630267991895382e+00
2	3.453904808151143e-01	3.467368504525316e-01
4	3.122383198174459e-01	3.162277660168379e-01
5	2.177693832826829e-01	2.187761623949552e-01
9	1.395662960674814e-01	1.412537544622754e-01
11	4.199715513851165e-02	4.265795188015926e-02
15	3.705747534777548e-02	3.715352290971726e-02
33	3.117809125602644e-02	3.162277660168379e-02
35	2.554596515729690e-02	2.570395782768863e-02
36	2.343953149241995e-02	2.344228815319923e-02
37	2.048334385441675e-02	2.089296130854040e-02
38	1.707920000931507e-02	1.737800828749375e-02
39	1.694576753609067e-02	1.698243652461744e-02
40	1.484726820395543e-02	1.513561248436208e-02
42	1.093832820911722e-02	1.096478196143185e-02
47	1.024284514247153e-02	1.047128548050900e-02
48	1.008029520519893e-02	1.023292992280754e-02
49	7.125104247470038e-03	7.244359600749898e-03
51	6.361325241579285e-03	6.456542290346556e-03
55	5.981081775671693e-03	6.025595860743574e-03
59	5.736382017408337e-03	5.754399373371567e-03
62	5.685252701283616e-03	5.754399373371567e-03
%
% index = 1082, name = bbob_f002_i07_d03__bbob_f020_i08_d03
% instance = 3, reference value = 9.993043577587770e-01
% function evaluation | indicator value | target hit
1	8.514742389199160e+04	8.709635899560814e+04
2	1.049756297912920e+03	1.071519305237606e+03
7	1.253177016000903e+02	1.258925411794168e+02
37	3.178569511584277e+00	3.235936569296283e+00
57	1.666185967968777e+00	1.698243652461744e+00
62	1.666185967968777e+00	1.698243652461744e+00
%
% index = 1083, name = bbob_f002_i09_d03__bbob_f020_i10_d03
% instance = 4, reference value = 9.983311331412580e-01
% function evaluation | indicator value | target hit
1	8.117610141873975e+01	8.128305161640991e+01
2	5.686035246560859e-01	5.754399373371569e-01
40	3.296423980457094e-01	3.311311214825911e-01
41	2.060565119345596e-01	2.089296130854039e-01
53	1.714213942653358e-01	1.737800828749375e-01
54	1.685695862944774e-01	1.698243652461744e-01
57	7.740746745846394e-02	7.762471166286916e-02
62	7.740746745846394e-02	7.762471166286916e-02
%
% index = 1084, name = bbob_f002_i11_d03__bbob_f020_i12_d03
% instance = 5, reference value = 9.759319950714830e-01
% function evaluation | indicator value | target hit
1	2.309692392597483e+00	2.344228815319922e+00
3	3.192507485542225e-01	3.235936569296283e-01
10	3.041317634321685e-01	3.090295432513591e-01
14	1.326398942443121e-01	1.348962882591654e-01
19	1.152083225953483e-01	1.174897554939529e-01
26	8.453567584921418e-02	8.511380382023763e-02
35	7.008415431836024e-02	7.079457843841380e-02
36	6.902659902363106e-02	6.918309709189366e-02
41	5.721364336613421e-02	5.754399373371569e-02
44	4.888714823871809e-02	4.897788193684462e-02
45	4.011994428713506e-02	4.073802778041128e-02
47	3.233777642291369e-02	3.235936569296283e-02
50	2.800771663787527e-02	2.818382931264454e-02
51	2.750090988547416e-02	2.754228703338166e-02
52	2.591544180686434e-02	2.630267991895381e-02
54	2.485918207741278e-02	2.511886431509579e-02
55	2.294180365149756e-02	2.344228815319923e-02
56	1.778138627342774e-02	1.778279410038923e-02
59	1.705545190151014e-02	1.737800828749375e-02
60	1.651779360498007e-02	1.659586907437561e-02
61	1.502675052080227e-02	1.513561248436208e-02
62	1.502675052080227e-02	1.513561248436208e-02
%
% index = 1085, name = bbob_f002_i13_d03__bbob_f020_i14_d03
% instance = 6, reference value = 9.519842616313910e-01
% function evaluation | indicator value | target hit
1	1.282449743620391e+00	1.288249551693134e+00
2	1.200011853630891e+00	1.202264434617413e+00
3	1.009785429677891e+00	1.023292992280754e+00
7	3.816707905135888e-01	3.890451449942806e-01
8	1.707906779244822e-01	1.737800828749375e-01
10	1.112010056247960e-01	1.122018454301964e-01
20	9.486765241148631e-02	9.549925860214359e-02
26	9.204656807891098e-02	9.332543007969910e-02
32	8.055671693846234e-02	8.128305161640990e-02
33	7.874649302064851e-02	7.943282347242814e-02
35	6.602904815838950e-02	6.606934480075961e-02
36	6.044472781551624e-02	6.165950018614822e-02
38	5.897169191863472e-02	6.025595860743578e-02
39	5.286313488981820e-02	5.370317963702527e-02
40	5.125263309107886e-02	5.128613839913648e-02
41	4.715550156441484e-02	4.786300923226382e-02
42	3.964813604278550e-02	3.981071705534973e-02
43	3.753779347035202e-02	3.801893963205612e-02
45	3.625449341470088e-02	3.630780547701014e-02
46	3.342176195722490e-02	3.388441561392026e-02
47	3.286377186907063e-02	3.311311214825911e-02
49	3.225230869407725e-02	3.235936569296283e-02
50	2.967536059827502e-02	3.019951720402016e-02
51	2.828505235121148e-02	2.884031503126606e-02
52	2.804300274085092e-02	2.818382931264454e-02
55	2.508340100537909e-02	2.511886431509579e-02
56	2.367386841367913e-02	2.398832919019490e-02
58	2.323801686216787e-02	2.344228815319923e-02
59	2.107483938300481e-02	2.137962089502233e-02
61	2.035672812953548e-02	2.041737944669529e-02
62	1.996109424493420e-02	2.041737944669529e-02
%
% index = 1086, name = bbob_f002_i15_d03__bbob_f020_i16_d03
% instance = 7, reference value = 9.393543612851391e-01
% function evaluation | indicator value | target hit
1	1.268807538611639e+00	1.288249551693134e+00
3	3.239061247829621e-01	3.311311214825911e-01
6	2.548776175776344e-01	2.570395782768864e-01
12	1.213198261794700e-01	1.230268770812381e-01
26	9.465058788164604e-02	9.549925860214359e-02
33	8.527394061838678e-02	8.709635899560805e-02
34	7.895036656585319e-02	7.943282347242814e-02
35	6.814840095015684e-02	6.918309709189366e-02
36	6.560918241107394e-02	6.606934480075961e-02
40	5.647387237407209e-02	5.754399373371569e-02
41	5.185144782184292e-02	5.248074602497726e-02
42	5.051815994066633e-02	5.128613839913648e-02
43	4.546703698643928e-02	4.570881896148749e-02
45	4.040021516039505e-02	4.073802778041128e-02
48	3.853824403861006e-02	3.890451449942807e-02
49	3.665238102891921e-02	3.715352290971726e-02
50	3.537466367682718e-02	3.548133892335755e-02
51	3.377393578061838e-02	3.388441561392026e-02
53	3.290282072452388e-02	3.311311214825911e-02
59	3.213451779174281e-02	3.235936569296283e-02
62	3.044690237417025e-02	3.090295432513590e-02
%
% index = 1087, name = bbob_f002_i17_d03__bbob_f020_i18_d03
% instance = 8, reference value = 9.835828598091750e-01
% function evaluation | indicator value | target hit
1	6.492125352404003e-01	6.606934480075960e-01
4	3.849438660009492e-01	3.890451449942806e-01
9	2.739621214437016e-01	2.754228703338166e-01
13	2.593729790478005e-01	2.630267991895382e-01
17	2.251519807581718e-01	2.290867652767773e-01
18	1.727012485485567e-01	1.737800828749375e-01
33	7.795496613943209e-02	7.943282347242814e-02
34	6.939288895258922e-02	7.079457843841380e-02
35	6.209539442678935e-02	6.309573444801933e-02
36	4.075155729683921e-02	4.168693834703355e-02
37	2.593879917968889e-02	2.630267991895381e-02
40	2.220899800041143e-02	2.238721138568340e-02
42	1.860916996004691e-02	1.862087136662868e-02
48	1.685673230712625e-02	1.698243652461744e-02
50	1.517976243166907e-02	1.548816618912481e-02
51	1.502367485467160e-02	1.513561248436208e-02
52	1.415330891466582e-02	1.445439770745927e-02
53	1.397255387320429e-02	1.412537544622754e-02
54	1.158745165458142e-02	1.174897554939530e-02
55	1.012483922683749e-02	1.023292992280754e-02
57	9.528742646808364e-03	9.549925860214359e-03
58	9.270090275959153e-03	9.332543007969915e-03
62	9.167614031928006e-03	9.332543007969915e-03
%
% index = 1088, name = bbob_f002_i19_d03__bbob_f020_i21_d03
% instance = 9, reference value = 9.552669316640220e-01
% function evaluation | indicator value | target hit
1	2.556923342376522e+00	2.570395782768863e+00
2	2.077941323734522e+00	2.089296130854040e+00
3	1.163765117106522e+00	1.174897554939530e+00
4	8.183894580068125e-01	8.317637711026710e-01
5	7.730264563414286e-01	7.762471166286917e-01
15	5.451553873564509e-01	5.495408738576245e-01
16	3.641642978174550e-01	3.715352290971726e-01
18	2.452663423668122e-01	2.454708915685030e-01
21	2.075576027884186e-01	2.089296130854039e-01
25	1.904246199158406e-01	1.905460717963247e-01
34	1.374853604597767e-01	1.380384264602885e-01
35	1.078087954639986e-01	1.096478196143185e-01
36	7.982051901217568e-02	8.128305161640990e-02
37	7.261516838865423e-02	7.413102413009177e-02
38	6.728625512396114e-02	6.760829753919818e-02
39	6.194238026808208e-02	6.309573444801933e-02
40	5.023434649511982e-02	5.128613839913648e-02
41	4.942480759768819e-02	5.011872336272722e-02
44	3.573184495327297e-02	3.630780547701014e-02
45	3.443970222865345e-02	3.467368504525317e-02
46	3.355560901521215e-02	3.388441561392026e-02
50	3.242426988099634e-02	3.311311214825911e-02
52	2.724599652664272e-02	2.754228703338166e-02
54	2.676638338331094e-02	2.691534803926915e-02
56	2.575636483765731e-02	2.630267991895381e-02
58	2.096820954527046e-02	2.137962089502233e-02
59	1.972040598246760e-02	1.995262314968880e-02
62	1.945081814825644e-02	1.949844599758046e-02
%
% index = 1089, name = bbob_f002_i21_d03__bbob_f020_i22_d03
% instance = 10, reference value = 9.774874043215540e-01
% function evaluation | indicator value | target hit
1	1.730882892498054e+00	1.737800828749375e+00
3	3.524277689446813e-01	3.548133892335755e-01
4	1.311777561728444e-01	1.318256738556407e-01
6	1.194209470607455e-01	1.202264434617413e-01
8	1.144640344251594e-01	1.148153621496883e-01
9	8.197904553645730e-02	8.317637711026708e-02
12	6.106450740502190e-02	6.165950018614822e-02
13	6.024830495215272e-02	6.025595860743578e-02
22	5.878812410665857e-02	5.888436553555890e-02
25	4.449122476725187e-02	4.466835921509630e-02
34	3.245087657374690e-02	3.311311214825911e-02
35	3.093266674703288e-02	3.162277660168379e-02
36	2.741749163997009e-02	2.754228703338166e-02
39	2.546989022241641e-02	2.570395782768863e-02
40	2.342723865027563e-02	2.344228815319923e-02
41	1.731887111769648e-02	1.737800828749375e-02
45	1.614109371577810e-02	1.621810097358930e-02
46	1.567049168940027e-02	1.584893192461113e-02
48	1.517850067131110e-02	1.548816618912481e-02
49	1.488652688101089e-02	1.513561248436208e-02
50	1.376434688533468e-02	1.380384264602885e-02
51	1.340747036987344e-02	1.348962882591653e-02
58	1.313323370740216e-02	1.318256738556407e-02
59	1.114772322715152e-02	1.122018454301964e-02
62	1.114772322715152e-02	1.122018454301964e-02
%
% index = 1090, name = bbob_f002_i23_d03__bbob_f020_i24_d03
% instance = 11, reference value = 1.000000000000000e+00
% function evaluation | indicator value | target hit
1	2.185786438771500e+00	2.187761623949553e+00
2	9.232493863933640e-01	9.332543007969910e-01
5	6.848052341466109e-01	6.918309709189365e-01
9	3.633636934861026e-01	3.715352290971726e-01
17	2.414085913237773e-01	2.454708915685030e-01
18	2.382329411635511e-01	2.398832919019490e-01
19	1.416987901629543e-01	1.445439770745928e-01
34	1.223064652185093e-01	1.230268770812381e-01
35	1.042251361705762e-01	1.047128548050900e-01
38	9.824827027624417e-02	1.000000000000000e-01
39	8.251629677361072e-02	8.317637711026708e-02
40	6.166390396853738e-02	6.309573444801933e-02
41	4.565158086184484e-02	4.570881896148749e-02
42	4.396937076616680e-02	4.466835921509630e-02
43	4.243414767728204e-02	4.265795188015926e-02
44	4.070813844204080e-02	4.073802778041128e-02
45	3.798977143088933e-02	3.801893963205612e-02
48	3.451670998956491e-02	3.467368504525317e-02
53	3.358186989313350e-02	3.388441561392026e-02
55	3.160633826826098e-02	3.162277660168379e-02
56	2.898487175409581e-02	2.951209226666385e-02
62	2.891529939698578e-02	2.951209226666385e-02
%
% index = 1091, name = bbob_f002_i25_d03__bbob_f020_i26_d03
% instance = 12, reference value = 1.000000000000000e+00
% function evaluation | indicator value | target hit
1	1.365870975759313e+01	1.380384264602885e+01
2	2.703540274115500e+00	2.754228703338166e+00
14	1.209150113981000e+00	1.230268770812382e+00
33	6.017396499918155e-01	6.025595860743578e-01
38	4.007146599983349e-01	4.073802778041127e-01
53	3.478399528597798e-01	3.548133892335755e-01
55	3.019569861464303e-01	3.019951720402016e-01
58	2.559669454647704e-01	2.570395782768864e-01
59	2.488244958104330e-01	2.511886431509580e-01
62	2.472749893303693e-01	2.511886431509580e-01
%
% index = 1092, name = bbob_f002_i27_d03__bbob_f020_i28_d03
% instance = 13, reference value = 1.000000000000000e+00
% function evaluation | indicator value | target hit
1	1.187983230025000e+00	1.202264434617413e+00
2	7.036132506666122e-01	7.079457843841379e-01
3	2.795332970242206e-01	2.818382931264454e-01
4	2.321052767789525e-01	2.344228815319922e-01
7	1.814999156841534e-01	1.819700858609984e-01
15	8.821542554110584e-02	8.912509381337455e-02
16	7.135197333805310e-02	7.244359600749903e-02
25	7.026318353899830e-02	7.079457843841380e-02
33	6.359567118616938e-02	6.456542290346556e-02
34	6.089992076288520e-02	6.165950018614822e-02
35	5.126979080517402e-02	5.128613839913648e-02
36	4.936374673137700e-02	5.011872336272722e-02
37	3.944089380348115e-02	3.981071705534973e-02
38	3.631601942397300e-02	3.715352290971726e-02
39	3.558978886384689e-02	3.630780547701014e-02
40	3.404965708990926e-02	3.467368504525317e-02
44	3.295258367136122e-02	3.311311214825911e-02
46	3.229769523250237e-02	3.235936569296283e-02
47	2.895383673011587e-02	2.951209226666385e-02
49	2.833884684148591e-02	2.884031503126606e-02
51	2.785407213861479e-02	2.818382931264454e-02
52	2.708665742420890e-02	2.754228703338166e-02
53	2.636780696033791e-02	2.691534803926915e-02
54	2.615075014484902e-02	2.630267991895381e-02
57	2.540015926288930e-02	2.570395782768863e-02
59	2.489038174748559e-02	2.511886431509579e-02
62	2.483035080930174e-02	2.511886431509579e-02
%
% index = 1093, name = bbob_f002_i29_d03__bbob_f020_i30_d03
% instance = 14, reference value = 1.000000000000000e+00
% function evaluation | indicator value | target hit
1	3.762640190894000e+00	3.801893963205611e+00
3	6.282506185540886e-01	6.309573444801932e-01
6	2.292980779255330e-01	2.344228815319922e-01
11	2.025949051326944e-01	2.041737944669530e-01
36	1.867931553114478e-01	1.905460717963247e-01
38	7.294804256873688e-02	7.413102413009177e-02
39	6.118668857161014e-02	6.165950018614822e-02
45	4.234002878579168e-02	4.265795188015926e-02
47	2.113595236989285e-02	2.137962089502233e-02
49	1.365994554667016e-02	1.380384264602885e-02
51	9.841762013833244e-03	1.000000000000000e-02
52	9.315662810233993e-03	9.332543007969915e-03
53	8.219601040394653e-03	8.317637711026709e-03
55	7.939992107804383e-03	7.943282347242814e-03
62	7.789093804770775e-03	7.943282347242814e-03
%
% index = 1094, name = bbob_f002_i31_d03__bbob_f020_i34_d03
% instance = 15, reference value = 1.000000000000000e+00
% function evaluation | indicator value | target hit
1	8.091581687411319e+01	8.128305161640991e+01
9	1.536676874740515e+01	1.548816618912481e+01
29	5.813403135179540e+00	5.888436553555890e+00
39	4.300908967479000e+00	4.365158322401660e+00
40	1.327439930336000e+00	1.348962882591654e+00
62	1.327439930336000e+00	1.348962882591654e+00
