%
% index = 2190, name = bbob_f013_i02_d05__bbob_f015_i04_d05
% instance = 1, reference value = 8.351690735816920e-01
% function evaluation | indicator value | target hit
1	3.218675903902192e+00	3.235936569296283e+00
2	2.402493346550692e+00	2.454708915685031e+00
3	1.603817228827664e+00	1.621810097358930e+00
6	1.267461480972692e+00	1.288249551693134e+00
10	7.525075212450969e-01	7.585775750291838e-01
14	7.004081486779784e-01	7.079457843841379e-01
27	5.908384844675337e-01	6.025595860743578e-01
34	5.788308503306488e-01	5.888436553555889e-01
60	5.711939088673919e-01	5.754399373371569e-01
61	5.426333621949329e-01	5.495408738576245e-01
63	5.300397646365380e-01	5.370317963702527e-01
65	4.865747516343939e-01	4.897788193684462e-01
67	4.503411226605932e-01	4.570881896148750e-01
69	4.362342611049966e-01	4.365158322401660e-01
74	4.228814437271164e-01	4.265795188015927e-01
80	4.018821444469425e-01	4.073802778041127e-01
82	3.754120267115941e-01	3.801893963205612e-01
84	3.629988770733443e-01	3.630780547701014e-01
104	3.627049909545202e-01	3.630780547701014e-01
%
% index = 2191, name = bbob_f013_i03_d05__bbob_f015_i05_d05
% instance = 2, reference value = 9.296958333511440e-01
% function evaluation | indicator value | target hit
1	5.003197572694023e-01	5.011872336272722e-01
15	4.747131864556838e-01	4.786300923226383e-01
26	4.440711658734934e-01	4.466835921509631e-01
34	4.251892252124145e-01	4.265795188015927e-01
55	3.183972811705331e-01	3.235936569296283e-01
56	2.483762747921829e-01	2.511886431509580e-01
57	2.281473475515789e-01	2.290867652767773e-01
66	2.238220479548478e-01	2.238721138568339e-01
67	1.741179355799193e-01	1.778279410038923e-01
72	1.656038403099075e-01	1.659586907437560e-01
76	1.582378723077831e-01	1.584893192461113e-01
77	1.538520867263308e-01	1.548816618912481e-01
79	1.150209963748442e-01	1.174897554939529e-01
82	1.132804752411376e-01	1.148153621496883e-01
93	1.117991268450035e-01	1.122018454301964e-01
97	1.091974074760482e-01	1.096478196143185e-01
104	1.085814939668497e-01	1.096478196143185e-01
%
% index = 2192, name = bbob_f013_i07_d05__bbob_f015_i08_d05
% instance = 3, reference value = 8.411369493983130e-01
% function evaluation | indicator value | target hit
1	3.829704310232383e+00	3.890451449942806e+00
2	3.064799108102313e+00	3.090295432513591e+00
3	2.667761285009389e+00	2.691534803926916e+00
4	1.088153725410838e+00	1.096478196143185e+00
18	7.834250810515884e-01	7.943282347242815e-01
39	7.536837893732767e-01	7.585775750291838e-01
61	5.806596389880400e-01	5.888436553555889e-01
64	5.466046441653265e-01	5.495408738576245e-01
66	5.145339787699333e-01	5.248074602497725e-01
68	4.521547908185580e-01	4.570881896148750e-01
70	4.429125682940429e-01	4.466835921509631e-01
72	3.523369484640152e-01	3.548133892335755e-01
73	3.388805205959412e-01	3.467368504525316e-01
83	3.186538935365468e-01	3.235936569296283e-01
100	3.132305722374605e-01	3.162277660168379e-01
101	3.041557659928956e-01	3.090295432513591e-01
104	3.029767294185578e-01	3.090295432513591e-01
%
% index = 2193, name = bbob_f013_i09_d05__bbob_f015_i10_d05
% instance = 4, reference value = 7.674399945975150e-01
% function evaluation | indicator value | target hit
1	8.775980069655149e-01	8.912509381337456e-01
6	8.446779733382511e-01	8.511380382023764e-01
7	7.478059154349617e-01	7.585775750291838e-01
12	7.029655567671644e-01	7.079457843841379e-01
17	6.453122188129132e-01	6.456542290346555e-01
23	5.526651240568166e-01	5.623413251903491e-01
25	5.352735634617958e-01	5.370317963702527e-01
55	4.054911392250364e-01	4.073802778041127e-01
58	3.891166622793301e-01	3.981071705534972e-01
60	3.674191532895544e-01	3.715352290971726e-01
61	2.970333333415180e-01	3.019951720402016e-01
64	2.804268482742822e-01	2.818382931264454e-01
68	2.704656688477613e-01	2.754228703338166e-01
69	2.446829374419470e-01	2.454708915685030e-01
74	2.256946333385539e-01	2.290867652767773e-01
76	2.160643867871546e-01	2.187761623949552e-01
79	2.112392335666999e-01	2.137962089502232e-01
87	2.066111805397047e-01	2.089296130854039e-01
99	2.035643699745175e-01	2.041737944669530e-01
102	1.994270318511607e-01	1.995262314968880e-01
104	1.970226114999571e-01	1.995262314968880e-01
%
% index = 2194, name = bbob_f013_i11_d05__bbob_f015_i12_d05
% instance = 5, reference value = 8.376782165676340e-01
% function evaluation | indicator value | target hit
1	4.496538516290634e+00	4.570881896148751e+00
2	1.969997336783134e+00	1.995262314968880e+00
4	9.991975831776339e-01	1.000000000000000e+00
8	9.291617137976340e-01	9.332543007969910e-01
23	8.983893369696339e-01	9.120108393559098e-01
60	7.849507215520669e-01	7.943282347242815e-01
62	7.312639183956632e-01	7.413102413009175e-01
71	7.093240709632278e-01	7.244359600749900e-01
74	6.897446271941965e-01	6.918309709189365e-01
76	6.725387150731406e-01	6.760829753919817e-01
77	6.309924856881712e-01	6.456542290346555e-01
78	6.298044255719224e-01	6.309573444801932e-01
79	6.160150940869726e-01	6.165950018614822e-01
80	5.265482593626485e-01	5.370317963702527e-01
92	5.093021392328787e-01	5.128613839913648e-01
95	4.555785441165498e-01	4.570881896148750e-01
97	4.143923657276976e-01	4.168693834703354e-01
99	3.588912306517181e-01	3.630780547701014e-01
102	3.230888484371871e-01	3.235936569296283e-01
104	3.230888484371871e-01	3.235936569296283e-01
%
% index = 2195, name = bbob_f013_i13_d05__bbob_f015_i14_d05
% instance = 6, reference value = 8.735073208739030e-01
% function evaluation | indicator value | target hit
1	8.581091830856941e-01	8.709635899560807e-01
11	7.963304596711654e-01	8.128305161640993e-01
12	7.654048983926253e-01	7.762471166286917e-01
14	7.569532846904460e-01	7.585775750291838e-01
28	7.158424641913468e-01	7.244359600749900e-01
40	6.920132446767822e-01	7.079457843841379e-01
44	6.771113513404896e-01	6.918309709189365e-01
54	6.695936002851480e-01	6.760829753919817e-01
55	4.167900822986562e-01	4.168693834703354e-01
58	3.867515717255194e-01	3.890451449942806e-01
59	3.121914893384797e-01	3.162277660168379e-01
62	2.989380734205677e-01	3.019951720402016e-01
64	2.920315068176479e-01	2.951209226666385e-01
65	2.790192939260485e-01	2.818382931264454e-01
66	2.730980484508990e-01	2.754228703338166e-01
67	2.642336532082283e-01	2.691534803926916e-01
72	2.606012908352716e-01	2.630267991895382e-01
73	2.532161178240924e-01	2.570395782768864e-01
75	2.260574960005910e-01	2.290867652767773e-01
78	2.201276372849161e-01	2.238721138568339e-01
91	2.157815590367348e-01	2.187761623949552e-01
104	2.139126468720736e-01	2.187761623949552e-01
%
% index = 2196, name = bbob_f013_i15_d05__bbob_f015_i16_d05
% instance = 7, reference value = 8.548142038460370e-01
% function evaluation | indicator value | target hit
1	1.255777928811537e+00	1.258925411794167e+00
2	7.734247885596478e-01	7.762471166286917e-01
3	5.758255998352910e-01	5.888436553555889e-01
5	2.975769209417781e-01	3.019951720402016e-01
7	2.490115923071657e-01	2.511886431509580e-01
10	2.300119874828711e-01	2.344228815319922e-01
18	2.289364309712557e-01	2.290867652767773e-01
39	2.217058500496744e-01	2.238721138568339e-01
56	2.051316515349250e-01	2.089296130854039e-01
57	1.995933168091523e-01	2.041737944669530e-01
58	1.902911497392222e-01	1.905460717963247e-01
62	1.565745140941002e-01	1.584893192461113e-01
63	1.413106786438330e-01	1.445439770745928e-01
64	1.411156358604566e-01	1.412537544622754e-01
66	1.320699199916587e-01	1.348962882591654e-01
67	1.251451549581666e-01	1.258925411794167e-01
69	1.220825429900497e-01	1.230268770812381e-01
70	1.184600817020676e-01	1.202264434617413e-01
72	1.161887690739298e-01	1.174897554939529e-01
74	1.143584817800585e-01	1.148153621496883e-01
77	1.117373114745698e-01	1.122018454301964e-01
80	1.075942194579296e-01	1.096478196143185e-01
81	1.069380610655685e-01	1.071519305237607e-01
85	1.012885007011506e-01	1.023292992280754e-01
93	9.864333045424889e-02	1.000000000000000e-01
96	9.683181078067649e-02	9.772372209558107e-02
104	9.605764497608460e-02	9.772372209558107e-02
%
% index = 2197, name = bbob_f013_i17_d05__bbob_f015_i18_d05
% instance = 8, reference value = 8.774270332008940e-01
% function evaluation | indicator value | target hit
1	3.447799201572480e+00	3.467368504525317e+00
2	1.870140718169079e+00	1.905460717963247e+00
3	1.247131560394394e+00	1.258925411794167e+00
5	9.943419831558939e-01	1.000000000000000e+00
10	8.938980777378940e-01	9.120108393559098e-01
13	8.405232571526909e-01	8.511380382023764e-01
26	7.070903268624684e-01	7.079457843841379e-01
51	6.835997119617376e-01	6.918309709189365e-01
53	6.398150848921438e-01	6.456542290346555e-01
56	5.042084215642579e-01	5.128613839913648e-01
60	4.916038885952528e-01	5.011872336272722e-01
61	4.854971606455886e-01	4.897788193684462e-01
65	4.330094820445983e-01	4.365158322401660e-01
70	4.222315662799221e-01	4.265795188015927e-01
71	4.033561314574062e-01	4.073802778041127e-01
77	3.912862186771187e-01	3.981071705534972e-01
94	3.734914335917501e-01	3.801893963205612e-01
96	3.670401702633388e-01	3.715352290971726e-01
104	3.664878626252268e-01	3.715352290971726e-01
%
% index = 2198, name = bbob_f013_i19_d05__bbob_f015_i21_d05
% instance = 9, reference value = 8.775917835977920e-01
% function evaluation | indicator value | target hit
1	6.456968002455117e-01	6.606934480075960e-01
23	6.397800532193858e-01	6.456542290346555e-01
24	4.742430545942817e-01	4.786300923226383e-01
40	3.787822959605214e-01	3.801893963205612e-01
57	3.305076208444270e-01	3.311311214825911e-01
60	3.215164715686190e-01	3.235936569296283e-01
64	2.903702477649934e-01	2.951209226666385e-01
67	2.866382288110001e-01	2.884031503126606e-01
70	2.793281486453889e-01	2.818382931264454e-01
79	2.743035378548953e-01	2.754228703338166e-01
80	2.600166938162275e-01	2.630267991895382e-01
92	2.106916993973605e-01	2.137962089502232e-01
93	2.044243994286969e-01	2.089296130854039e-01
98	2.011069852365623e-01	2.041737944669530e-01
104	1.973067381928211e-01	1.995262314968880e-01
%
% index = 2199, name = bbob_f013_i21_d05__bbob_f015_i22_d05
% instance = 10, reference value = 7.801369887356890e-01
% function evaluation | indicator value | target hit
1	1.777498564427158e+00	1.778279410038923e+00
2	9.807015338131890e-01	1.000000000000000e+00
3	8.923286344866890e-01	9.120108393559098e-01
4	7.584777942524705e-01	7.585775750291838e-01
6	6.402051960825100e-01	6.456542290346555e-01
44	6.291769742495101e-01	6.309573444801932e-01
56	5.999895747027411e-01	6.025595860743578e-01
59	5.427276129408095e-01	5.495408738576245e-01
60	4.513166785830195e-01	4.570881896148750e-01
61	4.045286084071576e-01	4.073802778041127e-01
62	3.977501257953792e-01	3.981071705534972e-01
63	3.749772982724388e-01	3.801893963205612e-01
64	3.703095748828948e-01	3.715352290971726e-01
65	3.431278795358645e-01	3.467368504525316e-01
76	3.386273191503631e-01	3.388441561392025e-01
77	3.305077198254301e-01	3.311311214825911e-01
93	2.961024608844148e-01	3.019951720402016e-01
95	2.941490954463120e-01	2.951209226666385e-01
104	2.922407650956204e-01	2.951209226666385e-01
%
% index = 2200, name = bbob_f013_i23_d05__bbob_f015_i24_d05
% instance = 11, reference value = 1.000000000000000e+00
% function evaluation | indicator value | target hit
1	1.006689943388500e+00	1.023292992280754e+00
10	9.580336598107587e-01	9.772372209558107e-01
30	9.489953658133362e-01	9.549925860214360e-01
51	9.058689595860004e-01	9.120108393559098e-01
55	7.505923081614728e-01	7.585775750291838e-01
56	7.313995368601360e-01	7.413102413009175e-01
57	7.166995236075797e-01	7.244359600749900e-01
59	7.006464630978331e-01	7.079457843841379e-01
60	5.727403883089528e-01	5.754399373371569e-01
62	5.373997155482105e-01	5.495408738576245e-01
65	5.294326930026931e-01	5.370317963702527e-01
68	4.960757585779098e-01	5.011872336272722e-01
69	4.890264073108651e-01	4.897788193684462e-01
82	4.762163906964704e-01	4.786300923226383e-01
104	4.707851823112776e-01	4.786300923226383e-01
%
% index = 2201, name = bbob_f013_i25_d05__bbob_f015_i26_d05
% instance = 12, reference value = 1.000000000000000e+00
% function evaluation | indicator value | target hit
1	9.993387123690624e-01	1.000000000000000e+00
2	8.175460438052493e-01	8.317637711026710e-01
12	7.903996674497076e-01	7.943282347242815e-01
32	7.457328993146725e-01	7.585775750291838e-01
42	7.257993538467470e-01	7.413102413009175e-01
48	6.570512891578594e-01	6.606934480075960e-01
53	5.851320446292603e-01	5.888436553555889e-01
55	5.461886373829907e-01	5.495408738576245e-01
57	4.662184770716074e-01	4.677351412871982e-01
60	4.411624098369734e-01	4.466835921509631e-01
63	4.307955087609050e-01	4.365158322401660e-01
64	4.211191406822475e-01	4.265795188015927e-01
75	4.146882095716389e-01	4.168693834703354e-01
76	4.053935899154503e-01	4.073802778041127e-01
82	3.978310953426750e-01	3.981071705534972e-01
91	3.846949533123137e-01	3.890451449942806e-01
95	3.771532555085705e-01	3.801893963205612e-01
96	3.612801546254248e-01	3.630780547701014e-01
98	3.518604213228574e-01	3.548133892335755e-01
102	3.448505825818218e-01	3.467368504525316e-01
104	3.435158797125207e-01	3.467368504525316e-01
%
% index = 2202, name = bbob_f013_i27_d05__bbob_f015_i28_d05
% instance = 13, reference value = 1.000000000000000e+00
% function evaluation | indicator value | target hit
1	3.811198021125013e+00	3.890451449942806e+00
2	1.392526216059557e+00	1.412537544622754e+00
3	9.953075789469775e-01	1.000000000000000e+00
26	8.276035949541889e-01	8.317637711026710e-01
41	7.768285411563778e-01	7.943282347242815e-01
52	7.749691132400213e-01	7.762471166286917e-01
55	7.133342562877626e-01	7.244359600749900e-01
57	6.753025322063917e-01	6.760829753919817e-01
58	6.593347794783269e-01	6.606934480075960e-01
59	6.282126451405562e-01	6.309573444801932e-01
60	6.130512464431320e-01	6.165950018614822e-01
62	5.814984036666018e-01	5.888436553555889e-01
63	5.596021131441531e-01	5.623413251903491e-01
64	5.397149969716373e-01	5.495408738576245e-01
71	5.368385452290141e-01	5.370317963702527e-01
82	5.029748486266215e-01	5.128613839913648e-01
83	4.927948105908941e-01	5.011872336272722e-01
86	4.849795632233715e-01	4.897788193684462e-01
89	4.632637744532968e-01	4.677351412871982e-01
90	4.514724817342530e-01	4.570881896148750e-01
97	4.284962309596769e-01	4.365158322401660e-01
101	4.257444337062590e-01	4.265795188015927e-01
104	4.208989666255856e-01	4.265795188015927e-01
%
% index = 2203, name = bbob_f013_i29_d05__bbob_f015_i30_d05
% instance = 14, reference value = 1.000000000000000e+00
% function evaluation | indicator value | target hit
1	9.459187506057888e-01	9.549925860214360e-01
3	8.083026474854226e-01	8.128305161640993e-01
7	7.661491451845226e-01	7.762471166286917e-01
10	7.522396161880861e-01	7.585775750291838e-01
11	6.898857753947095e-01	6.918309709189365e-01
17	6.571238929348779e-01	6.606934480075960e-01
25	6.388779871194171e-01	6.456542290346555e-01
37	6.066789162397292e-01	6.165950018614822e-01
39	5.385187411059413e-01	5.495408738576245e-01
56	5.009301181101734e-01	5.011872336272722e-01
59	4.399876250009229e-01	4.466835921509631e-01
60	4.291080247146271e-01	4.365158322401660e-01
62	3.988365471368374e-01	4.073802778041127e-01
63	3.711473771246045e-01	3.715352290971726e-01
71	3.180541276104212e-01	3.235936569296283e-01
79	3.126246026236258e-01	3.162277660168379e-01
83	3.078672817594020e-01	3.090295432513591e-01
104	3.023950201557850e-01	3.090295432513591e-01
%
% index = 2204, name = bbob_f013_i31_d05__bbob_f015_i34_d05
% instance = 15, reference value = 1.000000000000000e+00
% function evaluation | indicator value | target hit
1	9.094393685181451e-01	9.120108393559098e-01
2	7.118273486725587e-01	7.244359600749900e-01
17	7.075864434266399e-01	7.079457843841379e-01
19	6.357548536619815e-01	6.456542290346555e-01
36	6.179814265782517e-01	6.309573444801932e-01
44	5.610394705690155e-01	5.623413251903491e-01
56	4.497997711143672e-01	4.570881896148750e-01
60	4.106389060671816e-01	4.168693834703354e-01
61	3.771117385353001e-01	3.801893963205612e-01
64	3.234809642761638e-01	3.235936569296283e-01
66	3.017356596146321e-01	3.019951720402016e-01
70	2.879359468575282e-01	2.884031503126606e-01
75	2.803557595056205e-01	2.818382931264454e-01
83	2.445972118552243e-01	2.454708915685030e-01
92	2.253965597828167e-01	2.290867652767773e-01
102	2.236978386758577e-01	2.238721138568339e-01
104	2.236978386758577e-01	2.238721138568339e-01
