%
% index = 3015, name = bbob_f013_i02_d10__bbob_f015_i04_d10
% instance = 1, reference value = 7.833838061333550e-01
% function evaluation | indicator value | target hit
1	9.250105930268550e-01	9.332543007969910e-01
3	7.759316214728804e-01	7.762471166286917e-01
15	7.580459232128870e-01	7.585775750291838e-01
24	6.627304631904455e-01	6.760829753919817e-01
45	6.553550480307189e-01	6.606934480075960e-01
50	5.936886987958625e-01	6.025595860743578e-01
54	5.715156954508793e-01	5.754399373371569e-01
73	5.515821548973270e-01	5.623413251903491e-01
74	5.297008265915925e-01	5.370317963702527e-01
92	5.155667572906468e-01	5.248074602497725e-01
106	5.017012484554728e-01	5.128613839913648e-01
111	4.837624086063860e-01	4.897788193684462e-01
115	4.672826143667516e-01	4.677351412871982e-01
116	4.560434612093942e-01	4.570881896148750e-01
120	4.373596676292625e-01	4.466835921509631e-01
121	4.000787985339990e-01	4.073802778041127e-01
123	3.903583351171901e-01	3.981071705534972e-01
124	3.865095168452664e-01	3.890451449942806e-01
126	3.740634479670344e-01	3.801893963205612e-01
128	3.427035161592266e-01	3.467368504525316e-01
131	3.342297603296659e-01	3.388441561392025e-01
132	3.239327733190129e-01	3.311311214825911e-01
133	3.231564800743383e-01	3.235936569296283e-01
136	3.156259944840710e-01	3.162277660168379e-01
146	3.064074667469953e-01	3.090295432513591e-01
152	2.954563527035300e-01	3.019951720402016e-01
154	2.946529190708370e-01	2.951209226666385e-01
161	2.846705458259996e-01	2.884031503126606e-01
171	2.804289811195182e-01	2.818382931264454e-01
191	2.728603532404356e-01	2.754228703338166e-01
197	2.685150991775317e-01	2.691534803926916e-01
204	2.684730596132960e-01	2.691534803926916e-01
%
% index = 3016, name = bbob_f013_i03_d10__bbob_f015_i05_d10
% instance = 2, reference value = 8.073678464322041e-01
% function evaluation | indicator value | target hit
1	6.926971405051515e-01	7.079457843841379e-01
42	6.709041784359359e-01	6.760829753919817e-01
115	6.374296186512654e-01	6.456542290346555e-01
116	5.143419826156468e-01	5.248074602497725e-01
125	4.997967467803822e-01	5.011872336272722e-01
126	4.460643583992759e-01	4.466835921509631e-01
128	4.215949084198969e-01	4.265795188015927e-01
134	4.145810138085296e-01	4.168693834703354e-01
138	3.057066910999359e-01	3.090295432513591e-01
142	2.989915633484366e-01	3.019951720402016e-01
153	2.369190684320679e-01	2.398832919019490e-01
154	2.335986409068782e-01	2.344228815319922e-01
171	2.289053883484259e-01	2.290867652767773e-01
189	2.226563944681860e-01	2.238721138568339e-01
204	2.209560240275504e-01	2.238721138568339e-01
%
% index = 3017, name = bbob_f013_i07_d10__bbob_f015_i08_d10
% instance = 3, reference value = 8.361942689141439e-01
% function evaluation | indicator value | target hit
1	1.602633249473270e+00	1.621810097358930e+00
3	7.914025213908833e-01	7.943282347242815e-01
11	7.742451502269807e-01	7.762471166286917e-01
77	6.962809303316049e-01	7.079457843841379e-01
110	6.679405647495643e-01	6.760829753919817e-01
111	6.590175500428889e-01	6.606934480075960e-01
114	6.452301570473307e-01	6.456542290346555e-01
115	6.265711084369268e-01	6.309573444801932e-01
116	6.145727266958676e-01	6.165950018614822e-01
118	5.295679379007664e-01	5.370317963702527e-01
120	5.199317013278608e-01	5.248074602497725e-01
121	4.722650368557386e-01	4.786300923226383e-01
125	4.495500317801058e-01	4.570881896148750e-01
126	4.452806146429050e-01	4.466835921509631e-01
128	4.364584195990309e-01	4.365158322401660e-01
134	4.210161467017061e-01	4.265795188015927e-01
137	3.798709263474570e-01	3.801893963205612e-01
146	3.696691965955567e-01	3.715352290971726e-01
148	3.545797703250834e-01	3.548133892335755e-01
156	3.224613139362174e-01	3.235936569296283e-01
183	3.091064443712943e-01	3.162277660168379e-01
192	3.088265201846985e-01	3.090295432513591e-01
204	3.088265201846985e-01	3.090295432513591e-01
%
% index = 3018, name = bbob_f013_i09_d10__bbob_f015_i10_d10
% instance = 4, reference value = 7.833462580320960e-01
% function evaluation | indicator value | target hit
1	7.924032745185960e-01	7.943282347242815e-01
2	7.738718208106686e-01	7.762471166286917e-01
3	4.786938368754582e-01	4.897788193684462e-01
6	4.750586856233455e-01	4.786300923226383e-01
29	4.594006024137005e-01	4.677351412871982e-01
60	4.062170493076435e-01	4.073802778041127e-01
115	3.903981874757292e-01	3.981071705534972e-01
117	3.861949376816581e-01	3.890451449942806e-01
118	3.443808373774163e-01	3.467368504525316e-01
119	3.379956383840873e-01	3.388441561392025e-01
120	3.281867844680549e-01	3.311311214825911e-01
137	3.139533100159171e-01	3.162277660168379e-01
151	3.068402033733453e-01	3.090295432513591e-01
171	3.002615995016640e-01	3.019951720402016e-01
195	2.944657609615470e-01	2.951209226666385e-01
198	2.760297316459523e-01	2.818382931264454e-01
199	2.744626015035468e-01	2.754228703338166e-01
204	2.739946603074562e-01	2.754228703338166e-01
%
% index = 3019, name = bbob_f013_i11_d10__bbob_f015_i12_d10
% instance = 5, reference value = 7.566171321809800e-01
% function evaluation | indicator value | target hit
1	2.736954990572762e+00	2.754228703338166e+00
2	1.583822786726115e+00	1.584893192461114e+00
7	7.764942679239799e-01	7.943282347242815e-01
11	6.661073301326734e-01	6.760829753919817e-01
13	6.135505482091396e-01	6.165950018614822e-01
20	6.005707837457275e-01	6.025595860743578e-01
115	5.862379844837613e-01	5.888436553555889e-01
123	5.662006557452129e-01	5.754399373371569e-01
125	5.584870530561397e-01	5.623413251903491e-01
129	4.777483868873540e-01	4.786300923226383e-01
130	4.086206292576200e-01	4.168693834703354e-01
132	3.971412398350250e-01	3.981071705534972e-01
146	3.705608432020877e-01	3.715352290971726e-01
157	3.580311064702801e-01	3.630780547701014e-01
165	3.233765856473979e-01	3.235936569296283e-01
187	3.162001357781026e-01	3.162277660168379e-01
197	2.954649447238079e-01	3.019951720402016e-01
204	2.954273597350583e-01	3.019951720402016e-01
%
% index = 3020, name = bbob_f013_i13_d10__bbob_f015_i14_d10
% instance = 6, reference value = 8.044710403575800e-01
% function evaluation | indicator value | target hit
1	9.906190658215800e-01	1.000000000000000e+00
3	8.637101213850801e-01	8.709635899560807e-01
4	8.165997068155800e-01	8.317637711026710e-01
6	7.003375954146637e-01	7.079457843841379e-01
7	6.462565480934115e-01	6.606934480075960e-01
10	6.224710228631222e-01	6.309573444801932e-01
13	5.481645726790396e-01	5.495408738576245e-01
27	5.345254039631225e-01	5.370317963702527e-01
44	4.992014085554171e-01	5.011872336272722e-01
60	4.890259633843516e-01	4.897788193684462e-01
115	4.450869725641512e-01	4.466835921509631e-01
123	4.346385830593880e-01	4.365158322401660e-01
124	4.116910016682844e-01	4.168693834703354e-01
126	3.799595108977601e-01	3.801893963205612e-01
131	3.511722838390266e-01	3.548133892335755e-01
139	3.444850970984548e-01	3.467368504525316e-01
141	3.375772731532185e-01	3.388441561392025e-01
144	3.287823550304579e-01	3.311311214825911e-01
166	3.217371242200537e-01	3.235936569296283e-01
185	3.160057665660001e-01	3.162277660168379e-01
194	3.088126880219809e-01	3.090295432513591e-01
197	3.001216109792717e-01	3.019951720402016e-01
204	2.975526206373613e-01	3.019951720402016e-01
%
% index = 3021, name = bbob_f013_i15_d10__bbob_f015_i16_d10
% instance = 7, reference value = 7.726906224960850e-01
% function evaluation | indicator value | target hit
1	1.539742855807180e+00	1.548816618912481e+00
5	1.378092806724065e+00	1.380384264602885e+00
6	8.040941341865850e-01	8.128305161640993e-01
45	6.736716770386264e-01	6.760829753919817e-01
113	6.233381995074434e-01	6.309573444801932e-01
115	6.108809458763649e-01	6.165950018614822e-01
117	5.914411698671859e-01	6.025595860743578e-01
119	5.860873937867181e-01	5.888436553555889e-01
125	5.578093852805134e-01	5.623413251903491e-01
127	5.022659485803127e-01	5.128613839913648e-01
128	4.720978733931602e-01	4.786300923226383e-01
131	4.615832175594480e-01	4.677351412871982e-01
140	4.567633732797138e-01	4.570881896148750e-01
148	4.434877270851575e-01	4.466835921509631e-01
160	4.272507901034143e-01	4.365158322401660e-01
165	4.261819463999936e-01	4.265795188015927e-01
170	4.144573493539245e-01	4.168693834703354e-01
172	4.056153954529686e-01	4.073802778041127e-01
195	3.964018502277774e-01	3.981071705534972e-01
204	3.927811771171928e-01	3.981071705534972e-01
%
% index = 3022, name = bbob_f013_i17_d10__bbob_f015_i18_d10
% instance = 8, reference value = 8.240526698241900e-01
% function evaluation | indicator value | target hit
1	8.339138421431901e-01	8.511380382023764e-01
2	8.156975166262781e-01	8.317637711026710e-01
4	6.688973869044791e-01	6.760829753919817e-01
9	6.189020831765003e-01	6.309573444801932e-01
11	6.158270986437927e-01	6.165950018614822e-01
20	5.924049881442724e-01	6.025595860743578e-01
24	5.657842131339621e-01	5.754399373371569e-01
25	4.169558356142161e-01	4.265795188015927e-01
54	4.153223868151089e-01	4.168693834703354e-01
64	4.059055075485284e-01	4.073802778041127e-01
103	3.940231363584995e-01	3.981071705534972e-01
109	3.850605881051058e-01	3.890451449942806e-01
113	3.360447523801308e-01	3.388441561392025e-01
114	3.157923316818723e-01	3.162277660168379e-01
115	2.955609242490099e-01	3.019951720402016e-01
116	2.789745164823082e-01	2.818382931264454e-01
117	2.716725200448423e-01	2.754228703338166e-01
118	2.620446560780135e-01	2.630267991895382e-01
122	2.568834505333470e-01	2.570395782768864e-01
127	2.476701155877677e-01	2.511886431509580e-01
131	1.937505187363130e-01	1.949844599758045e-01
134	1.896529455294867e-01	1.905460717963247e-01
151	1.862053036833231e-01	1.862087136662867e-01
156	1.762546514516914e-01	1.778279410038923e-01
166	1.622349000295904e-01	1.659586907437560e-01
169	1.619245993603179e-01	1.621810097358930e-01
172	1.578004327851964e-01	1.584893192461113e-01
175	1.548642805243405e-01	1.548816618912481e-01
181	1.465375612820842e-01	1.479108388168208e-01
196	1.392665131410038e-01	1.412537544622754e-01
204	1.385420291660692e-01	1.412537544622754e-01
%
% index = 3023, name = bbob_f013_i19_d10__bbob_f015_i21_d10
% instance = 9, reference value = 9.336896274698460e-01
% function evaluation | indicator value | target hit
1	8.851914672210234e-01	8.912509381337456e-01
3	8.618651447796498e-01	8.709635899560807e-01
6	8.451498530631362e-01	8.511380382023764e-01
7	7.356586092868569e-01	7.413102413009175e-01
8	7.184218508172685e-01	7.244359600749900e-01
10	6.708587703949327e-01	6.760829753919817e-01
15	6.405244596628508e-01	6.456542290346555e-01
19	5.975370211026854e-01	6.025595860743578e-01
33	5.651147802588035e-01	5.754399373371569e-01
38	5.616629737095448e-01	5.623413251903491e-01
47	5.360616908353302e-01	5.370317963702527e-01
113	5.013833377137304e-01	5.128613839913648e-01
115	3.584593867986295e-01	3.630780547701014e-01
117	3.402705361508298e-01	3.467368504525316e-01
118	3.351893855225210e-01	3.388441561392025e-01
120	3.305615767229968e-01	3.311311214825911e-01
122	3.203897499256781e-01	3.235936569296283e-01
123	2.780602358971944e-01	2.818382931264454e-01
127	2.730409823617724e-01	2.754228703338166e-01
134	2.687222433295756e-01	2.691534803926916e-01
142	2.543982618769119e-01	2.570395782768864e-01
151	2.501992589392784e-01	2.511886431509580e-01
164	2.277713622313333e-01	2.290867652767773e-01
202	2.238059380448536e-01	2.238721138568339e-01
204	2.238059380448536e-01	2.238721138568339e-01
%
% index = 3024, name = bbob_f013_i21_d10__bbob_f015_i22_d10
% instance = 10, reference value = 8.280122218960170e-01
% function evaluation | indicator value | target hit
1	3.696850956783249e+00	3.715352290971725e+00
4	1.901719418781218e+00	1.905460717963247e+00
5	1.546430206957218e+00	1.548816618912481e+00
11	1.447840923515014e+00	1.479108388168207e+00
12	9.063307237320170e-01	9.120108393559098e-01
58	8.198493742468581e-01	8.317637711026710e-01
72	8.100099176963983e-01	8.128305161640993e-01
119	7.873047543348027e-01	7.943282347242815e-01
121	6.617560949817494e-01	6.760829753919817e-01
124	6.567488885654291e-01	6.606934480075960e-01
126	6.356420189102115e-01	6.456542290346555e-01
127	6.042807672087032e-01	6.165950018614822e-01
130	5.901659823105313e-01	6.025595860743578e-01
135	5.789021753087360e-01	5.888436553555889e-01
144	5.361539371719722e-01	5.370317963702527e-01
150	5.201684542820937e-01	5.248074602497725e-01
155	4.800843874146246e-01	4.897788193684462e-01
157	4.488887707762312e-01	4.570881896148750e-01
181	4.313074585728826e-01	4.365158322401660e-01
185	4.204708443112756e-01	4.265795188015927e-01
189	4.019914240374102e-01	4.073802778041127e-01
198	3.958195396621383e-01	3.981071705534972e-01
204	3.958195396621383e-01	3.981071705534972e-01
%
% index = 3025, name = bbob_f013_i23_d10__bbob_f015_i24_d10
% instance = 11, reference value = 1.000000000000000e+00
% function evaluation | indicator value | target hit
1	2.833632752436674e+00	2.884031503126606e+00
2	1.340524963048387e+00	1.348962882591654e+00
10	1.237590168851647e+00	1.258925411794167e+00
11	9.549565366756450e-01	9.549925860214360e-01
17	9.311194763978102e-01	9.332543007969910e-01
111	8.702876245102469e-01	8.709635899560807e-01
112	8.487151317253081e-01	8.511380382023764e-01
118	8.125311279289947e-01	8.128305161640993e-01
119	7.940822664310171e-01	7.943282347242815e-01
121	7.005084458234019e-01	7.079457843841379e-01
124	6.911977855955012e-01	6.918309709189365e-01
150	6.493397922053729e-01	6.606934480075960e-01
152	6.426542373621125e-01	6.456542290346555e-01
171	6.039277412002492e-01	6.165950018614822e-01
183	5.907750934180376e-01	6.025595860743578e-01
187	5.853029327816179e-01	5.888436553555889e-01
195	5.735922816324653e-01	5.754399373371569e-01
204	5.734705514695962e-01	5.754399373371569e-01
%
% index = 3026, name = bbob_f013_i25_d10__bbob_f015_i26_d10
% instance = 12, reference value = 1.000000000000000e+00
% function evaluation | indicator value | target hit
1	9.562607842893835e-01	9.772372209558107e-01
2	9.273755071284020e-01	9.332543007969910e-01
4	8.181853488364277e-01	8.317637711026710e-01
6	8.060749174108935e-01	8.128305161640993e-01
13	6.905932302594682e-01	6.918309709189365e-01
116	6.610946806324969e-01	6.760829753919817e-01
120	5.788604008682713e-01	5.888436553555889e-01
121	5.605755665210980e-01	5.623413251903491e-01
123	4.914466223844060e-01	5.011872336272722e-01
124	4.772820267510334e-01	4.786300923226383e-01
127	4.366436219238653e-01	4.466835921509631e-01
130	4.312782865703558e-01	4.365158322401660e-01
131	4.170355522389411e-01	4.265795188015927e-01
132	4.154157926696633e-01	4.168693834703354e-01
146	4.068373721251852e-01	4.073802778041127e-01
147	3.927020943217036e-01	3.981071705534972e-01
148	3.877484598779581e-01	3.890451449942806e-01
162	3.794900016537257e-01	3.801893963205612e-01
182	3.708188495974467e-01	3.715352290971726e-01
204	3.668903960180986e-01	3.715352290971726e-01
%
% index = 3027, name = bbob_f013_i27_d10__bbob_f015_i28_d10
% instance = 13, reference value = 1.000000000000000e+00
% function evaluation | indicator value | target hit
1	4.194989389993662e+00	4.265795188015927e+00
2	3.341906693556861e+00	3.388441561392026e+00
6	1.414054265708711e+00	1.445439770745927e+00
9	1.363235525608500e+00	1.380384264602885e+00
10	1.269759676051655e+00	1.288249551693134e+00
17	8.807819237712291e-01	8.912509381337456e-01
52	8.652941861935539e-01	8.709635899560807e-01
115	7.590552788090245e-01	7.762471166286917e-01
117	7.166080169090379e-01	7.244359600749900e-01
119	6.938808303635938e-01	7.079457843841379e-01
120	6.881304933012331e-01	6.918309709189365e-01
127	6.723604032716990e-01	6.760829753919817e-01
129	6.583519276880083e-01	6.606934480075960e-01
132	6.194306572729187e-01	6.309573444801932e-01
136	5.967437448281891e-01	6.025595860743578e-01
140	5.886274814823491e-01	5.888436553555889e-01
164	5.560670845448736e-01	5.623413251903491e-01
177	5.466048586738801e-01	5.495408738576245e-01
193	5.363867346940587e-01	5.370317963702527e-01
204	5.322594017564328e-01	5.370317963702527e-01
%
% index = 3028, name = bbob_f013_i29_d10__bbob_f015_i30_d10
% instance = 14, reference value = 1.000000000000000e+00
% function evaluation | indicator value | target hit
1	1.277141018718500e+00	1.288249551693134e+00
8	1.029291997466500e+00	1.047128548050900e+00
16	9.563459527279818e-01	9.772372209558107e-01
31	7.321578635423807e-01	7.413102413009175e-01
115	6.592680464295049e-01	6.606934480075960e-01
120	6.401144955234106e-01	6.456542290346555e-01
121	6.216234274611074e-01	6.309573444801932e-01
128	6.115327628673899e-01	6.165950018614822e-01
134	5.947610929763056e-01	6.025595860743578e-01
141	5.873419240977054e-01	5.888436553555889e-01
145	5.753476861753029e-01	5.754399373371569e-01
152	5.586490504229087e-01	5.623413251903491e-01
159	5.484379397901136e-01	5.495408738576245e-01
176	5.236791193904201e-01	5.248074602497725e-01
181	4.989606636818021e-01	5.011872336272722e-01
196	4.833287781833149e-01	4.897788193684462e-01
200	4.657744342965289e-01	4.677351412871982e-01
204	4.626842365734299e-01	4.677351412871982e-01
%
% index = 3029, name = bbob_f013_i31_d10__bbob_f015_i34_d10
% instance = 15, reference value = 1.000000000000000e+00
% function evaluation | indicator value | target hit
1	1.971080958279000e+00	1.995262314968880e+00
3	1.932529916447062e+00	1.949844599758045e+00
4	9.826235189979097e-01	1.000000000000000e+00
9	9.544647769080593e-01	9.549925860214360e-01
14	8.649828347107289e-01	8.709635899560807e-01
34	8.223659563468770e-01	8.317637711026710e-01
81	7.878679855496986e-01	7.943282347242815e-01
93	7.749044607429552e-01	7.762471166286917e-01
118	7.516463079894407e-01	7.585775750291838e-01
121	6.928204484881619e-01	7.079457843841379e-01
122	6.476824761868647e-01	6.606934480075960e-01
129	6.444055737141555e-01	6.456542290346555e-01
133	6.129274800650544e-01	6.165950018614822e-01
139	6.024550948820327e-01	6.025595860743578e-01
148	5.839440630794602e-01	5.888436553555889e-01
149	5.530860167537714e-01	5.623413251903491e-01
151	5.248144757333302e-01	5.370317963702527e-01
160	5.155970925259576e-01	5.248074602497725e-01
162	5.093071024698608e-01	5.128613839913648e-01
166	3.714471823816420e-01	3.715352290971726e-01
169	3.587797381773746e-01	3.630780547701014e-01
172	2.996091136625303e-01	3.019951720402016e-01
204	2.925686934058869e-01	2.951209226666385e-01
