%
% index = 75, name = bbob_f001_i02_d02__bbob_f014_i04_d02
% instance = 1, reference value = 6.672544443735760e-01
% function evaluation | indicator value | target hit
1	4.952202248193515e+01	5.011872336272722e+01
2	5.173945603667076e+00	5.248074602497725e+00
3	3.652994891005565e+00	3.715352290971725e+00
4	9.441227414350759e-01	9.549925860214360e-01
5	8.663458084695759e-01	8.709635899560807e-01
10	7.448442516285760e-01	7.585775750291838e-01
11	6.470510184374432e-01	6.606934480075960e-01
13	6.352456575081648e-01	6.456542290346555e-01
14	4.075909112122810e-01	4.168693834703354e-01
17	2.186843295684960e-01	2.187761623949552e-01
20	1.957349932694243e-01	1.995262314968880e-01
21	1.843989732685073e-01	1.862087136662867e-01
22	1.792618575799691e-01	1.819700858609984e-01
24	1.631057712012609e-01	1.659586907437560e-01
25	1.078240626675712e-01	1.096478196143185e-01
26	9.554869822209389e-02	9.772372209558107e-02
32	8.825903836787652e-02	8.912509381337455e-02
34	8.565216768819439e-02	8.709635899560805e-02
35	8.251573102549947e-02	8.317637711026708e-02
36	6.569439106928132e-02	6.606934480075961e-02
37	6.328480261281666e-02	6.456542290346556e-02
38	6.136500535494771e-02	6.165950018614822e-02
39	5.937288798836948e-02	6.025595860743578e-02
40	5.873574081804600e-02	5.888436553555890e-02
41	5.873574081804600e-02	5.888436553555890e-02
%
% index = 76, name = bbob_f001_i03_d02__bbob_f014_i05_d02
% instance = 2, reference value = 9.014705410644550e-01
% function evaluation | indicator value | target hit
1	4.275305782899136e-01	4.365158322401660e-01
4	3.270101471767213e-01	3.311311214825911e-01
6	1.919744075716611e-01	1.949844599758045e-01
18	1.578437368739168e-01	1.584893192461113e-01
19	1.545280463664531e-01	1.548816618912481e-01
20	1.453840627133922e-01	1.479108388168208e-01
22	1.109125389186525e-01	1.122018454301964e-01
23	1.048012962104574e-01	1.071519305237607e-01
24	9.112753141821550e-02	9.120108393559097e-02
25	8.815435224223123e-02	8.912509381337455e-02
26	6.406162685415762e-02	6.456542290346556e-02
27	6.195663507691318e-02	6.309573444801933e-02
28	6.162873958997117e-02	6.165950018614822e-02
29	5.363613543241630e-02	5.370317963702527e-02
30	3.241983813156168e-02	3.311311214825911e-02
31	3.063176691872493e-02	3.090295432513590e-02
32	2.922516235460759e-02	2.951209226666385e-02
33	2.607740013998128e-02	2.630267991895381e-02
34	2.566433434007709e-02	2.570395782768863e-02
37	2.487647258923498e-02	2.511886431509579e-02
40	2.164023573692264e-02	2.187761623949553e-02
41	2.164023573692264e-02	2.187761623949553e-02
%
% index = 77, name = bbob_f001_i07_d02__bbob_f014_i08_d02
% instance = 3, reference value = 8.843001254958470e-01
% function evaluation | indicator value | target hit
1	1.078163916237227e+01	1.096478196143185e+01
2	5.032313525450347e+00	5.128613839913648e+00
3	2.179642652530727e+00	2.187761623949553e+00
5	7.559490914037081e-01	7.585775750291838e-01
8	3.908382653267042e-01	3.981071705534972e-01
20	2.753245916582764e-01	2.754228703338166e-01
22	2.094367593203618e-01	2.137962089502232e-01
23	1.273532615575951e-01	1.288249551693134e-01
24	1.219189134833908e-01	1.230268770812381e-01
26	1.056017654003727e-01	1.071519305237607e-01
30	7.523353578517311e-02	7.585775750291836e-02
34	6.627560936056354e-02	6.760829753919818e-02
37	6.497224044462391e-02	6.606934480075961e-02
39	5.377798245772591e-02	5.495408738576246e-02
41	5.377798245772591e-02	5.495408738576246e-02
%
% index = 78, name = bbob_f001_i09_d02__bbob_f014_i10_d02
% instance = 4, reference value = 9.458043778786140e-01
% function evaluation | indicator value | target hit
1	3.053053542340208e-01	3.090295432513591e-01
7	2.628045594004581e-01	2.630267991895382e-01
8	8.849531271814282e-02	8.912509381337455e-02
10	8.527452734935514e-02	8.709635899560805e-02
11	8.390183769287995e-02	8.511380382023763e-02
14	7.972941282861445e-02	8.128305161640990e-02
15	7.150270706320927e-02	7.244359600749903e-02
21	5.624986854475023e-02	5.754399373371569e-02
22	4.537450857814029e-02	4.570881896148749e-02
24	3.864365380388801e-02	3.890451449942807e-02
26	3.394332478962103e-02	3.467368504525317e-02
27	3.301727709107705e-02	3.311311214825911e-02
29	3.229674880584044e-02	3.235936569296283e-02
32	3.151902641557924e-02	3.162277660168379e-02
33	3.063206279290509e-02	3.090295432513590e-02
38	2.649006763544781e-02	2.691534803926915e-02
41	2.644434080655145e-02	2.691534803926915e-02
%
% index = 79, name = bbob_f001_i11_d02__bbob_f014_i12_d02
% instance = 5, reference value = 9.426033712502430e-01
% function evaluation | indicator value | target hit
1	9.526021940677430e-01	9.549925860214360e-01
4	2.829627658897894e-01	2.884031503126606e-01
8	2.624598205140012e-01	2.630267991895382e-01
11	1.711502481577155e-01	1.737800828749375e-01
12	1.570140521080392e-01	1.584893192461113e-01
14	9.964447840229596e-02	1.000000000000000e-01
17	8.430696948962213e-02	8.511380382023763e-02
22	7.641702038591902e-02	7.762471166286916e-02
24	6.892786599214007e-02	6.918309709189366e-02
26	6.674405879877832e-02	6.760829753919818e-02
28	6.538697541054772e-02	6.606934480075961e-02
30	6.443432269147753e-02	6.456542290346556e-02
31	5.295361309322122e-02	5.370317963702527e-02
32	5.213519084583329e-02	5.248074602497726e-02
35	4.972043727292086e-02	5.011872336272722e-02
41	4.945696464544513e-02	5.011872336272722e-02
%
% index = 80, name = bbob_f001_i13_d02__bbob_f014_i14_d02
% instance = 6, reference value = 8.990880584936370e-01
% function evaluation | indicator value | target hit
1	1.901158790995637e+00	1.905460717963247e+00
3	1.828595868141137e+00	1.862087136662868e+00
4	1.389510640888137e+00	1.412537544622754e+00
22	4.579869361411746e-01	4.677351412871982e-01
23	2.899386416560438e-01	2.951209226666385e-01
24	2.625262229777111e-01	2.630267991895382e-01
25	2.482535297356326e-01	2.511886431509580e-01
26	2.344196457573101e-01	2.344228815319922e-01
27	1.898723544858752e-01	1.905460717963247e-01
28	1.399514392019930e-01	1.412537544622754e-01
29	1.137081242192691e-01	1.148153621496883e-01
31	1.079948318862588e-01	1.096478196143185e-01
32	9.975383344650202e-02	1.000000000000000e-01
33	7.346655606185026e-02	7.413102413009177e-02
35	7.143426235084671e-02	7.244359600749903e-02
36	6.520761955885102e-02	6.606934480075961e-02
37	6.227312540173757e-02	6.309573444801933e-02
38	6.090521236359558e-02	6.165950018614822e-02
40	5.052512293814848e-02	5.128613839913648e-02
41	5.052512293814848e-02	5.128613839913648e-02
%
% index = 81, name = bbob_f001_i15_d02__bbob_f014_i16_d02
% instance = 7, reference value = 8.133782112746401e-01
% function evaluation | indicator value | target hit
1	3.563708648515738e+01	3.630780547701014e+01
5	2.119504568941395e+01	2.137962089502232e+01
13	1.221555276463599e+01	1.230268770812382e+01
15	4.507167066839494e+00	4.570881896148751e+00
24	3.379741016475640e+00	3.388441561392026e+00
27	7.721423912574233e-01	7.762471166286917e-01
28	6.951691145165905e-01	7.079457843841379e-01
31	5.649657916980191e-01	5.754399373371569e-01
36	3.215404648544287e-01	3.235936569296283e-01
41	3.215404648544287e-01	3.235936569296283e-01
%
% index = 82, name = bbob_f001_i17_d02__bbob_f014_i18_d02
% instance = 8, reference value = 9.105652412579330e-01
% function evaluation | indicator value | target hit
1	1.312792981050933e+00	1.318256738556407e+00
2	8.120521102044739e-01	8.128305161640993e-01
3	7.749391636967933e-01	7.762471166286917e-01
6	2.422827959598221e-01	2.454708915685030e-01
7	1.907693361892900e-01	1.949844599758045e-01
8	1.557025598939203e-01	1.584893192461113e-01
10	1.036085386455876e-01	1.047128548050900e-01
19	9.542763516643149e-02	9.549925860214359e-02
22	8.513291223865693e-02	8.709635899560805e-02
23	8.319571935269621e-02	8.511380382023763e-02
24	7.837468054074459e-02	7.943282347242814e-02
25	5.855451220821761e-02	5.888436553555890e-02
26	5.286689912056830e-02	5.370317963702527e-02
27	5.034817254982638e-02	5.128613839913648e-02
28	4.854883209254135e-02	4.897788193684462e-02
29	4.771747393295411e-02	4.786300923226382e-02
30	4.261203317390838e-02	4.265795188015926e-02
33	3.715085353156811e-02	3.715352290971726e-02
38	3.526686822258529e-02	3.548133892335755e-02
41	3.467048438647558e-02	3.467368504525317e-02
%
% index = 83, name = bbob_f001_i19_d02__bbob_f014_i21_d02
% instance = 9, reference value = 6.759470106483160e-01
% function evaluation | indicator value | target hit
1	1.101891987609760e+02	1.122018454301963e+02
2	1.442902007547666e+01	1.445439770745927e+01
3	1.258669507251627e+01	1.258925411794167e+01
4	1.417840144754316e+00	1.445439770745927e+00
11	1.269048983315316e+00	1.288249551693134e+00
12	4.615281487254775e-01	4.677351412871982e-01
13	2.967369393103900e-01	3.019951720402016e-01
15	2.113032320804077e-01	2.137962089502232e-01
22	2.087994207268523e-01	2.089296130854039e-01
23	1.670156610223462e-01	1.698243652461744e-01
24	1.372654181304955e-01	1.380384264602885e-01
25	1.273930579011016e-01	1.288249551693134e-01
26	1.232410869506790e-01	1.258925411794167e-01
37	1.183569998109454e-01	1.202264434617413e-01
38	1.110185774031790e-01	1.122018454301964e-01
40	1.019366091365091e-01	1.023292992280754e-01
41	9.972302897996677e-02	1.000000000000000e-01
%
% index = 84, name = bbob_f001_i21_d02__bbob_f014_i22_d02
% instance = 10, reference value = 8.824576866538920e-01
% function evaluation | indicator value | target hit
1	3.265156539588392e+00	3.311311214825911e+00
3	2.018551564258892e+00	2.041737944669529e+00
11	1.008437122639892e+00	1.023292992280754e+00
23	2.668119141073058e-01	2.691534803926916e-01
24	2.447094930128941e-01	2.454708915685030e-01
26	2.276658746412367e-01	2.290867652767773e-01
27	1.369703351148124e-01	1.380384264602885e-01
28	1.028860237659708e-01	1.047128548050900e-01
33	8.776271132629010e-02	8.912509381337455e-02
34	8.055243782100086e-02	8.128305161640990e-02
35	7.741066761412385e-02	7.762471166286916e-02
37	7.364476583049140e-02	7.413102413009177e-02
39	6.853432720250729e-02	6.918309709189366e-02
41	5.748332759108432e-02	5.754399373371569e-02
%
% index = 85, name = bbob_f001_i23_d02__bbob_f014_i24_d02
% instance = 11, reference value = 1.000000000000000e+00
% function evaluation | indicator value | target hit
1	5.585364957312994e+00	5.623413251903491e+00
2	1.542572196714500e+00	1.548816618912481e+00
4	7.711453581203643e-01	7.762471166286917e-01
13	7.130334873438603e-01	7.244359600749900e-01
22	5.617509004698624e-01	5.623413251903491e-01
23	4.846957794428853e-01	4.897788193684462e-01
24	4.512859648112897e-01	4.570881896148750e-01
25	4.444761165911809e-01	4.466835921509631e-01
28	3.787484940946197e-01	3.801893963205612e-01
29	3.637193878120095e-01	3.715352290971726e-01
30	3.206170779792408e-01	3.235936569296283e-01
32	3.010425380640928e-01	3.019951720402016e-01
38	2.925857084198135e-01	2.951209226666385e-01
41	2.919114861580423e-01	2.951209226666385e-01
%
% index = 86, name = bbob_f001_i25_d02__bbob_f014_i26_d02
% instance = 12, reference value = 1.000000000000000e+00
% function evaluation | indicator value | target hit
1	8.990879021136307e-01	9.120108393559098e-01
14	8.486344076256520e-01	8.511380382023764e-01
18	6.595810975728909e-01	6.606934480075960e-01
27	6.010280364983048e-01	6.025595860743578e-01
28	5.472459230326787e-01	5.495408738576245e-01
29	5.053147630884584e-01	5.128613839913648e-01
30	4.408165887887752e-01	4.466835921509631e-01
31	4.339135869883423e-01	4.365158322401660e-01
41	4.339135869883423e-01	4.365158322401660e-01
%
% index = 87, name = bbob_f001_i27_d02__bbob_f014_i28_d02
% instance = 13, reference value = 1.000000000000000e+00
% function evaluation | indicator value | target hit
1	6.744270911798880e-01	6.760829753919817e-01
2	5.226214110468365e-01	5.248074602497725e-01
9	5.095762638963734e-01	5.128613839913648e-01
11	3.440062224172622e-01	3.467368504525316e-01
17	3.254168098635883e-01	3.311311214825911e-01
20	2.440719445953465e-01	2.454708915685030e-01
22	2.182366065594050e-01	2.187761623949552e-01
24	2.105438639665675e-01	2.137962089502232e-01
26	1.465888489814668e-01	1.479108388168208e-01
28	1.434562648483786e-01	1.445439770745928e-01
30	1.363553612299300e-01	1.380384264602885e-01
31	1.255377391092142e-01	1.258925411794167e-01
34	1.220296157333163e-01	1.230268770812381e-01
38	1.179964495570455e-01	1.202264434617413e-01
41	1.179393899950801e-01	1.202264434617413e-01
%
% index = 88, name = bbob_f001_i29_d02__bbob_f014_i30_d02
% instance = 14, reference value = 1.000000000000000e+00
% function evaluation | indicator value | target hit
1	8.253181086439310e+00	8.317637711026711e+00
3	1.118808280575500e+00	1.122018454301963e+00
9	5.764282907208630e-01	5.888436553555889e-01
22	4.173352636495385e-01	4.265795188015927e-01
23	3.734880064203818e-01	3.801893963205612e-01
24	3.321008105455604e-01	3.388441561392025e-01
25	3.144453297488361e-01	3.162277660168379e-01
28	2.689523179903325e-01	2.691534803926916e-01
29	2.489408565709614e-01	2.511886431509580e-01
30	2.449844045219529e-01	2.454708915685030e-01
31	2.310223187570901e-01	2.344228815319922e-01
39	2.222822256545920e-01	2.238721138568339e-01
41	2.189137372009544e-01	2.238721138568339e-01
%
% index = 89, name = bbob_f001_i31_d02__bbob_f014_i34_d02
% instance = 15, reference value = 1.000000000000000e+00
% function evaluation | indicator value | target hit
1	6.185086727079000e+00	6.309573444801933e+00
3	5.965019394569000e+00	6.025595860743578e+00
6	4.333261350481395e+00	4.365158322401660e+00
7	2.479493951286500e+00	2.511886431509580e+00
10	4.785512298661931e-01	4.786300923226383e-01
13	4.325514982277727e-01	4.365158322401660e-01
16	4.095616990374553e-01	4.168693834703354e-01
22	3.103931034305969e-01	3.162277660168379e-01
23	2.244464092017510e-01	2.290867652767773e-01
24	2.036075965709485e-01	2.041737944669530e-01
25	1.969759416981853e-01	1.995262314968880e-01
26	1.850098816817125e-01	1.862087136662867e-01
28	1.817929689783999e-01	1.819700858609984e-01
29	1.754762697711374e-01	1.778279410038923e-01
30	1.590528354635037e-01	1.621810097358930e-01
31	1.584163865945263e-01	1.584893192461113e-01
41	1.564148912994529e-01	1.584893192461113e-01
