%
% index = 1035, name = bbob_f002_i02_d03__bbob_f014_i04_d03
% instance = 1, reference value = 9.287634860903700e-01
% function evaluation | indicator value | target hit
1	8.753591997854370e+00	8.912509381337454e+00
2	1.445053198669472e+00	1.445439770745927e+00
3	1.149266941286870e+00	1.174897554939530e+00
11	5.377056578325163e-01	5.495408738576245e-01
17	4.373524030511516e-01	4.466835921509631e-01
35	4.176734279499613e-01	4.265795188015927e-01
38	4.114781860142632e-01	4.168693834703354e-01
39	3.550144256409992e-01	3.630780547701014e-01
40	3.536678900293376e-01	3.548133892335755e-01
41	3.427844626546599e-01	3.467368504525316e-01
48	2.582252700716670e-01	2.630267991895382e-01
50	2.159218794579485e-01	2.187761623949552e-01
51	2.079670346744008e-01	2.089296130854039e-01
52	1.782742150108214e-01	1.819700858609984e-01
58	1.735890381160786e-01	1.737800828749375e-01
61	1.692563188118584e-01	1.698243652461744e-01
62	1.692563188118584e-01	1.698243652461744e-01
%
% index = 1036, name = bbob_f002_i03_d03__bbob_f014_i05_d03
% instance = 2, reference value = 9.544223224160830e-01
% function evaluation | indicator value | target hit
1	1.759308116115813e+00	1.778279410038923e+00
6	6.852496913817587e-01	6.918309709189365e-01
17	6.086037726697329e-01	6.165950018614822e-01
34	3.352400366347764e-01	3.388441561392025e-01
36	3.069823459951835e-01	3.090295432513591e-01
37	2.980416980170769e-01	3.019951720402016e-01
43	2.908089979465857e-01	2.951209226666385e-01
47	2.413581540115739e-01	2.454708915685030e-01
50	2.036264697152976e-01	2.041737944669530e-01
51	1.553887304161916e-01	1.584893192461113e-01
55	1.182518653195570e-01	1.202264434617413e-01
59	9.655727479996146e-02	9.772372209558107e-02
62	9.554160830384284e-02	9.772372209558107e-02
%
% index = 1037, name = bbob_f002_i07_d03__bbob_f014_i08_d03
% instance = 3, reference value = 9.940364289058869e-01
% function evaluation | indicator value | target hit
1	6.387562697939567e-01	6.456542290346555e-01
2	2.331357090910431e-01	2.344228815319922e-01
11	2.243657106172177e-01	2.290867652767773e-01
14	2.158351040574140e-01	2.187761623949552e-01
22	7.038491662163959e-02	7.079457843841380e-02
24	5.833772871323906e-02	5.888436553555890e-02
33	2.916278217637724e-02	2.951209226666385e-02
35	2.859038183239238e-02	2.884031503126606e-02
38	2.642349850286896e-02	2.691534803926915e-02
39	1.345206941859223e-02	1.348962882591653e-02
41	9.506452813711541e-03	9.549925860214359e-03
43	9.291111827040344e-03	9.332543007969915e-03
44	8.987384921032460e-03	9.120108393559097e-03
45	8.285396512521914e-03	8.317637711026709e-03
47	7.995570393644180e-03	8.128305161640995e-03
58	7.247370027462563e-03	7.413102413009177e-03
60	4.977454619418453e-03	5.011872336272725e-03
61	4.796758580246085e-03	4.897788193684461e-03
62	4.796758580246085e-03	4.897788193684461e-03
%
% index = 1038, name = bbob_f002_i09_d03__bbob_f014_i10_d03
% instance = 4, reference value = 9.750149148602540e-01
% function evaluation | indicator value | target hit
1	3.568684095008616e-01	3.630780547701014e-01
3	1.044604016908094e-01	1.047128548050900e-01
7	8.084093250765101e-02	8.128305161640990e-02
18	5.599521830024345e-02	5.623413251903491e-02
20	4.557843892003821e-02	4.570881896148749e-02
33	4.280816757663475e-02	4.365158322401658e-02
34	3.906301775626664e-02	3.981071705534973e-02
35	3.871743983127851e-02	3.890451449942807e-02
38	3.691824492717832e-02	3.715352290971726e-02
40	3.622182077927982e-02	3.630780547701014e-02
42	3.537665759313913e-02	3.548133892335755e-02
43	2.875629601094443e-02	2.884031503126606e-02
44	2.304508236602021e-02	2.344228815319923e-02
45	2.055487068558104e-02	2.089296130854040e-02
46	1.926671102379585e-02	1.949844599758046e-02
47	1.749796839905216e-02	1.778279410038923e-02
53	1.652671029531949e-02	1.659586907437561e-02
56	1.403263345509642e-02	1.412537544622754e-02
57	1.318910368335180e-02	1.348962882591653e-02
58	1.309896760746987e-02	1.318256738556407e-02
60	1.271591259414395e-02	1.288249551693134e-02
62	1.271591259414395e-02	1.288249551693134e-02
%
% index = 1039, name = bbob_f002_i11_d03__bbob_f014_i12_d03
% instance = 5, reference value = 9.325534068581400e-01
% function evaluation | indicator value | target hit
1	3.004844224169269e-01	3.019951720402016e-01
3	2.576547952954162e-01	2.630267991895382e-01
14	2.556956652665862e-01	2.570395782768864e-01
20	1.939938609339010e-01	1.949844599758045e-01
28	1.743485975532225e-01	1.778279410038923e-01
32	1.699896768829279e-01	1.737800828749375e-01
33	1.631524911882087e-01	1.659586907437560e-01
34	1.584286742655626e-01	1.584893192461113e-01
35	1.508360412607457e-01	1.513561248436208e-01
45	1.390809230279222e-01	1.412537544622754e-01
47	1.372530816015417e-01	1.380384264602885e-01
48	9.886486077951406e-02	1.000000000000000e-01
50	9.027993549630065e-02	9.120108393559097e-02
51	8.622139783020488e-02	8.709635899560805e-02
52	6.660094615832213e-02	6.760829753919818e-02
57	4.726724280410988e-02	4.786300923226382e-02
59	4.371615055081701e-02	4.466835921509630e-02
60	4.359505863927060e-02	4.365158322401658e-02
62	4.359505863927060e-02	4.365158322401658e-02
%
% index = 1040, name = bbob_f002_i13_d03__bbob_f014_i14_d03
% instance = 6, reference value = 9.554155070032730e-01
% function evaluation | indicator value | target hit
1	2.855809960979773e+00	2.884031503126606e+00
3	1.113573566059773e+00	1.122018454301963e+00
8	7.173326716737687e-01	7.244359600749900e-01
9	4.958472603249572e-01	5.011872336272722e-01
11	1.409514700708842e-01	1.412537544622754e-01
12	1.348424620537564e-01	1.348962882591654e-01
14	1.103020853615728e-01	1.122018454301964e-01
17	9.547838883989046e-02	9.549925860214359e-02
28	8.381937611392898e-02	8.511380382023763e-02
32	8.245713433278823e-02	8.317637711026708e-02
35	7.077607007344799e-02	7.079457843841380e-02
36	6.662422472665641e-02	6.760829753919818e-02
39	6.432265497433320e-02	6.456542290346556e-02
44	5.962144247130274e-02	6.025595860743578e-02
58	4.705314376277925e-02	4.786300923226382e-02
62	3.487927432077043e-02	3.548133892335755e-02
%
% index = 1041, name = bbob_f002_i15_d03__bbob_f014_i16_d03
% instance = 7, reference value = 9.045758311504730e-01
% function evaluation | indicator value | target hit
1	2.971500641768197e+01	3.019951720402016e+01
2	2.040967892775048e+00	2.041737944669529e+00
10	6.771790602526118e-01	6.918309709189365e-01
33	6.751896011102113e-01	6.760829753919817e-01
43	5.946201193655443e-01	6.025595860743578e-01
48	2.497855202119448e-01	2.511886431509580e-01
50	2.281730757667690e-01	2.290867652767773e-01
51	1.987271869086020e-01	1.995262314968880e-01
52	1.651153508358789e-01	1.659586907437560e-01
62	1.651153508358789e-01	1.659586907437560e-01
%
% index = 1042, name = bbob_f002_i17_d03__bbob_f014_i18_d03
% instance = 8, reference value = 8.867131978323390e-01
% function evaluation | indicator value | target hit
1	1.843023179383035e+00	1.862087136662868e+00
3	6.492296106344025e-01	6.606934480075960e-01
5	5.991720360146915e-01	6.025595860743578e-01
11	4.990230200619999e-01	5.011872336272722e-01
16	2.461821553884621e-01	2.511886431509580e-01
21	2.056851942632769e-01	2.089296130854039e-01
34	1.527493491507943e-01	1.548816618912481e-01
35	1.418140793606850e-01	1.445439770745928e-01
36	1.382660897798849e-01	1.412537544622754e-01
37	1.367193122596861e-01	1.380384264602885e-01
43	1.187190921587152e-01	1.202264434617413e-01
44	1.170113988133321e-01	1.174897554939529e-01
47	1.013585941791111e-01	1.023292992280754e-01
53	9.973324709415254e-02	1.000000000000000e-01
56	9.633640280418154e-02	9.772372209558107e-02
57	8.729764440847521e-02	8.912509381337455e-02
62	8.729764440847521e-02	8.912509381337455e-02
%
% index = 1043, name = bbob_f002_i19_d03__bbob_f014_i21_d03
% instance = 9, reference value = 9.887588827165270e-01
% function evaluation | indicator value | target hit
1	1.120591265298212e+02	1.122018454301963e+02
2	2.155982209974789e+01	2.187761623949553e+01
4	1.752485415732490e+01	1.778279410038923e+01
5	7.730289690795792e+00	7.762471166286917e+00
11	3.320376006526184e+00	3.388441561392026e+00
15	1.820585671316527e+00	1.862087136662868e+00
22	1.445985573000027e+00	1.479108388168207e+00
24	1.064297302661027e+00	1.071519305237606e+00
28	8.291949587994536e-01	8.317637711026710e-01
33	1.437621410158815e-01	1.445439770745928e-01
35	1.278865941737384e-01	1.288249551693134e-01
62	1.271199621016036e-01	1.288249551693134e-01
%
% index = 1044, name = bbob_f002_i21_d03__bbob_f014_i22_d03
% instance = 10, reference value = 7.603691486621530e-01
% function evaluation | indicator value | target hit
1	4.238974853177653e+00	4.265795188015927e+00
2	2.323238285110153e+00	2.344228815319922e+00
5	7.423534259836584e-01	7.585775750291838e-01
10	5.382589332704781e-01	5.495408738576245e-01
31	4.896719365051209e-01	4.897788193684462e-01
34	3.564202632575739e-01	3.630780547701014e-01
35	3.049037518831045e-01	3.090295432513591e-01
46	2.253765822750756e-01	2.290867652767773e-01
47	2.171962795701244e-01	2.187761623949552e-01
58	2.134889959510778e-01	2.137962089502232e-01
62	2.129198073368426e-01	2.137962089502232e-01
%
% index = 1045, name = bbob_f002_i23_d03__bbob_f014_i24_d03
% instance = 11, reference value = 1.000000000000000e+00
% function evaluation | indicator value | target hit
1	1.911171307648500e+00	1.949844599758045e+00
3	1.118777691490500e+00	1.122018454301963e+00
4	6.190458428321541e-01	6.309573444801932e-01
5	2.933085248857257e-01	2.951209226666385e-01
7	2.343943541925438e-01	2.344228815319922e-01
8	2.272075582087912e-01	2.290867652767773e-01
13	1.897622575399190e-01	1.905460717963247e-01
21	1.858528463602430e-01	1.862087136662867e-01
25	1.257402996237459e-01	1.258925411794167e-01
33	1.132592147614437e-01	1.148153621496883e-01
35	1.087264012076055e-01	1.096478196143185e-01
38	1.000438654303448e-01	1.023292992280754e-01
40	9.493933431593726e-02	9.549925860214359e-02
43	9.270789981355398e-02	9.332543007969910e-02
45	8.920334112371553e-02	9.120108393559097e-02
50	8.912319090097598e-02	8.912509381337455e-02
62	8.718817697417824e-02	8.912509381337455e-02
%
% index = 1046, name = bbob_f002_i25_d03__bbob_f014_i26_d03
% instance = 12, reference value = 1.000000000000000e+00
% function evaluation | indicator value | target hit
1	2.189052405663486e-01	2.238721138568339e-01
2	2.075121908489612e-01	2.089296130854039e-01
16	9.669636026389083e-02	9.772372209558107e-02
23	7.066995416174870e-02	7.079457843841380e-02
25	6.004916176884001e-02	6.025595860743578e-02
39	5.512255015050405e-02	5.623413251903491e-02
42	5.466955129400253e-02	5.495408738576246e-02
44	4.153945883982302e-02	4.168693834703355e-02
45	3.962462971523428e-02	3.981071705534973e-02
49	3.832966120698222e-02	3.890451449942807e-02
50	3.724566576691468e-02	3.801893963205612e-02
53	3.659753105538632e-02	3.715352290971726e-02
58	3.421432205549035e-02	3.467368504525317e-02
62	3.033810072694443e-02	3.090295432513590e-02
%
% index = 1047, name = bbob_f002_i27_d03__bbob_f014_i28_d03
% instance = 13, reference value = 1.000000000000000e+00
% function evaluation | indicator value | target hit
1	2.149900151194734e+00	2.187761623949553e+00
4	1.455163928548500e+00	1.479108388168207e+00
8	9.239927233327725e-01	9.332543007969910e-01
10	6.754970766845583e-01	6.760829753919817e-01
12	4.184149293627214e-01	4.265795188015927e-01
17	3.120380911830418e-01	3.162277660168379e-01
19	2.575672988257601e-01	2.630267991895382e-01
33	2.468395571334657e-01	2.511886431509580e-01
34	2.393156613389391e-01	2.398832919019490e-01
41	2.290939816756966e-01	2.344228815319922e-01
43	2.290140114266240e-01	2.290867652767773e-01
48	2.164841073786706e-01	2.187761623949552e-01
51	1.970527779537388e-01	1.995262314968880e-01
53	1.906053922348290e-01	1.949844599758045e-01
54	1.904179299621970e-01	1.905460717963247e-01
56	1.858754419255489e-01	1.862087136662867e-01
62	1.858687386239851e-01	1.862087136662867e-01
%
% index = 1048, name = bbob_f002_i29_d03__bbob_f014_i30_d03
% instance = 14, reference value = 1.000000000000000e+00
% function evaluation | indicator value | target hit
1	1.036841723137500e+00	1.047128548050900e+00
6	9.039366608395853e-01	9.120108393559098e-01
8	7.691924930287477e-01	7.762471166286917e-01
10	3.144070904246173e-01	3.162277660168379e-01
12	1.438540052245106e-01	1.445439770745928e-01
35	1.278893512131173e-01	1.288249551693134e-01
36	1.202520031058197e-01	1.230268770812381e-01
37	1.185257028313123e-01	1.202264434617413e-01
48	9.501113770968317e-02	9.549925860214359e-02
62	8.687854239998427e-02	8.709635899560805e-02
%
% index = 1049, name = bbob_f002_i31_d03__bbob_f014_i34_d03
% instance = 15, reference value = 1.000000000000000e+00
% function evaluation | indicator value | target hit
1	3.980758191219000e+00	3.981071705534972e+00
2	6.842226790361070e-01	6.918309709189365e-01
16	5.689935894863081e-01	5.754399373371569e-01
33	5.157460025435248e-01	5.248074602497725e-01
34	4.623619123709556e-01	4.677351412871982e-01
35	4.240142847973866e-01	4.265795188015927e-01
36	4.166781188092886e-01	4.168693834703354e-01
39	3.561573449587441e-01	3.630780547701014e-01
42	3.222021131554674e-01	3.235936569296283e-01
44	3.154358804776877e-01	3.162277660168379e-01
51	3.057223517064536e-01	3.090295432513591e-01
52	3.001898824756917e-01	3.019951720402016e-01
59	2.950326115340240e-01	2.951209226666385e-01
62	2.948439720358096e-01	2.951209226666385e-01
