%
% index = 2235, name = bbob_f013_i02_d05__bbob_f021_i04_d05
% instance = 1, reference value = 9.038928564812690e-01
% function evaluation | indicator value | target hit
1	9.734410679582691e-01	9.772372209558107e-01
4	6.439831503878888e-01	6.456542290346555e-01
21	6.186818204525456e-01	6.309573444801932e-01
28	6.104264616581783e-01	6.165950018614822e-01
45	5.245321178566617e-01	5.248074602497725e-01
47	4.303559556304576e-01	4.365158322401660e-01
58	4.113247723832740e-01	4.168693834703354e-01
59	4.052858436670123e-01	4.073802778041127e-01
60	3.939004599496613e-01	3.981071705534972e-01
61	3.737004785692413e-01	3.801893963205612e-01
63	3.526678317078399e-01	3.548133892335755e-01
64	3.462620142355968e-01	3.467368504525316e-01
65	3.297813773625933e-01	3.311311214825911e-01
66	3.135192986739824e-01	3.162277660168379e-01
69	3.031914542042349e-01	3.090295432513591e-01
70	2.973750219783550e-01	3.019951720402016e-01
72	2.293846220683412e-01	2.344228815319922e-01
81	1.998364016155728e-01	2.041737944669530e-01
82	1.990542755336708e-01	1.995262314968880e-01
90	1.932693282051888e-01	1.949844599758045e-01
97	1.892967213197457e-01	1.905460717963247e-01
101	1.853333524349000e-01	1.862087136662867e-01
102	1.705638232654548e-01	1.737800828749375e-01
104	1.705638232654548e-01	1.737800828749375e-01
%
% index = 2236, name = bbob_f013_i03_d05__bbob_f021_i05_d05
% instance = 2, reference value = 8.238535188021781e-01
% function evaluation | indicator value | target hit
1	1.483233970977678e+00	1.513561248436208e+00
3	1.287071152686678e+00	1.288249551693134e+00
7	1.085313411471178e+00	1.096478196143185e+00
8	8.728945402381052e-01	8.912509381337456e-01
18	7.452199668178946e-01	7.585775750291838e-01
33	7.366985490418151e-01	7.413102413009175e-01
58	6.921946935528707e-01	7.079457843841379e-01
60	6.812468718976867e-01	6.918309709189365e-01
64	6.225145477675799e-01	6.309573444801932e-01
68	6.061722390833575e-01	6.165950018614822e-01
69	5.984936969829113e-01	6.025595860743578e-01
74	5.838703223772226e-01	5.888436553555889e-01
75	5.472596282433837e-01	5.495408738576245e-01
77	5.359218474690063e-01	5.370317963702527e-01
78	5.035194172375846e-01	5.128613839913648e-01
79	4.733223192942809e-01	4.786300923226383e-01
80	4.655135077270517e-01	4.677351412871982e-01
82	3.745474077727260e-01	3.801893963205612e-01
86	2.720905012461852e-01	2.754228703338166e-01
88	2.168566959710860e-01	2.187761623949552e-01
89	2.098210870788227e-01	2.137962089502232e-01
92	1.988196964752126e-01	1.995262314968880e-01
93	1.906640605056085e-01	1.949844599758045e-01
95	1.887937507228724e-01	1.905460717963247e-01
96	1.830169832775566e-01	1.862087136662867e-01
99	1.775286488515165e-01	1.778279410038923e-01
101	1.685119903679696e-01	1.698243652461744e-01
103	1.485202549209277e-01	1.513561248436208e-01
104	1.478061584368354e-01	1.479108388168208e-01
%
% index = 2237, name = bbob_f013_i07_d05__bbob_f021_i08_d05
% instance = 3, reference value = 8.091828237763070e-01
% function evaluation | indicator value | target hit
1	2.253108447787532e+00	2.290867652767773e+00
2	1.535989725429397e+00	1.548816618912481e+00
3	1.205546060708307e+00	1.230268770812382e+00
18	7.391666152984235e-01	7.413102413009175e-01
55	4.829871199614335e-01	4.897788193684462e-01
56	4.782765411806110e-01	4.786300923226383e-01
61	4.013499995095643e-01	4.073802778041127e-01
64	3.012580306578780e-01	3.019951720402016e-01
67	2.440239526678406e-01	2.454708915685030e-01
72	2.339421704712853e-01	2.344228815319922e-01
73	2.117533833627578e-01	2.137962089502232e-01
75	2.076658160254065e-01	2.089296130854039e-01
78	2.007430593973560e-01	2.041737944669530e-01
80	1.987539000983164e-01	1.995262314968880e-01
85	1.909916807103889e-01	1.949844599758045e-01
86	1.900371394739706e-01	1.905460717963247e-01
88	1.835488968655791e-01	1.862087136662867e-01
94	1.773169932222199e-01	1.778279410038923e-01
99	1.717926373457563e-01	1.737800828749375e-01
102	1.686173571931666e-01	1.698243652461744e-01
104	1.683636686581663e-01	1.698243652461744e-01
%
% index = 2238, name = bbob_f013_i09_d05__bbob_f021_i10_d05
% instance = 4, reference value = 9.140469465233360e-01
% function evaluation | indicator value | target hit
1	1.203167191164816e+00	1.230268770812382e+00
3	9.270118599943359e-01	9.332543007969910e-01
7	9.046652626210745e-01	9.120108393559098e-01
8	8.012354296324863e-01	8.128305161640993e-01
58	5.978382470451675e-01	6.025595860743578e-01
60	5.005465762360510e-01	5.011872336272722e-01
65	4.811596166149610e-01	4.897788193684462e-01
67	4.573734133440975e-01	4.677351412871982e-01
71	4.562763243763094e-01	4.570881896148750e-01
72	4.405670281637957e-01	4.466835921509631e-01
73	4.068127063920989e-01	4.073802778041127e-01
75	3.861592485051063e-01	3.890451449942806e-01
76	3.735596398240701e-01	3.801893963205612e-01
77	3.438878407394135e-01	3.467368504525316e-01
80	3.247742305368487e-01	3.311311214825911e-01
81	3.161487934701339e-01	3.162277660168379e-01
85	2.991056499343712e-01	3.019951720402016e-01
86	2.922248800195840e-01	2.951209226666385e-01
87	2.867693875573748e-01	2.884031503126606e-01
88	2.478141807165747e-01	2.511886431509580e-01
90	2.428473498950673e-01	2.454708915685030e-01
101	2.378693317203495e-01	2.398832919019490e-01
103	2.335130549811344e-01	2.344228815319922e-01
104	2.335130549811344e-01	2.344228815319922e-01
%
% index = 2239, name = bbob_f013_i11_d05__bbob_f021_i12_d05
% instance = 5, reference value = 9.464280964094200e-01
% function evaluation | indicator value | target hit
1	8.981889819726941e-01	9.120108393559098e-01
3	8.849284575060448e-01	8.912509381337456e-01
10	8.708279168362573e-01	8.709635899560807e-01
13	8.318117649646256e-01	8.511380382023764e-01
15	6.050744709721123e-01	6.165950018614822e-01
19	5.956170059898864e-01	6.025595860743578e-01
26	5.592584401019229e-01	5.623413251903491e-01
43	5.179700757402395e-01	5.248074602497725e-01
64	5.125086932772369e-01	5.128613839913648e-01
66	4.910966748672843e-01	5.011872336272722e-01
69	4.896964158267475e-01	4.897788193684462e-01
72	4.742514154945068e-01	4.786300923226383e-01
82	4.649251864357568e-01	4.677351412871982e-01
85	4.500740408950936e-01	4.570881896148750e-01
86	4.236481852131068e-01	4.265795188015927e-01
87	4.066774868565979e-01	4.073802778041127e-01
92	3.898934279333303e-01	3.981071705534972e-01
93	3.885817685984909e-01	3.890451449942806e-01
96	3.786392807177277e-01	3.801893963205612e-01
104	3.721128975642123e-01	3.801893963205612e-01
%
% index = 2240, name = bbob_f013_i13_d05__bbob_f021_i14_d05
% instance = 6, reference value = 8.742662156634340e-01
% function evaluation | indicator value | target hit
1	2.252360669915149e+00	2.290867652767773e+00
2	2.170512481908434e+00	2.187761623949553e+00
5	1.668133811224323e+00	1.698243652461744e+00
9	1.047762427862934e+00	1.071519305237606e+00
18	1.007444119604934e+00	1.023292992280754e+00
28	8.733700993249608e-01	8.912509381337456e-01
57	8.546867841081105e-01	8.709635899560807e-01
61	6.396010331485887e-01	6.456542290346555e-01
72	4.184144777267689e-01	4.265795188015927e-01
75	4.140267495925075e-01	4.168693834703354e-01
78	3.942188463472100e-01	3.981071705534972e-01
87	3.820415457048598e-01	3.890451449942806e-01
89	3.725575190403981e-01	3.801893963205612e-01
96	3.605284930180769e-01	3.630780547701014e-01
99	3.517261049075812e-01	3.548133892335755e-01
100	2.963168285811624e-01	3.019951720402016e-01
104	2.963168285811624e-01	3.019951720402016e-01
%
% index = 2241, name = bbob_f013_i15_d05__bbob_f021_i16_d05
% instance = 7, reference value = 9.061950033291870e-01
% function evaluation | indicator value | target hit
1	3.389338940511675e+00	3.467368504525317e+00
2	3.171738638264187e+00	3.235936569296283e+00
3	2.693601994788187e+00	2.754228703338166e+00
6	8.458527810896600e-01	8.511380382023764e-01
55	6.150860824102002e-01	6.165950018614822e-01
59	5.732048045070269e-01	5.754399373371569e-01
69	3.711139551869203e-01	3.715352290971726e-01
75	3.615229092947694e-01	3.630780547701014e-01
79	3.506142837368625e-01	3.548133892335755e-01
83	3.464630715374040e-01	3.467368504525316e-01
97	3.380917562239679e-01	3.388441561392025e-01
104	3.376587448345633e-01	3.388441561392025e-01
%
% index = 2242, name = bbob_f013_i17_d05__bbob_f021_i18_d05
% instance = 8, reference value = 8.660767384173370e-01
% function evaluation | indicator value | target hit
1	1.637480253320428e+00	1.659586907437561e+00
2	1.534773916584222e+00	1.548816618912481e+00
14	9.263262930198369e-01	9.332543007969910e-01
22	6.758665252609406e-01	6.760829753919817e-01
43	6.563636139349462e-01	6.606934480075960e-01
56	5.923896189875786e-01	6.025595860743578e-01
68	4.352480766859502e-01	4.365158322401660e-01
80	4.257682026976917e-01	4.265795188015927e-01
82	3.833261200455225e-01	3.890451449942806e-01
85	3.730970118245257e-01	3.801893963205612e-01
92	3.715109868875107e-01	3.715352290971726e-01
100	3.412097651502773e-01	3.467368504525316e-01
103	3.355206685532591e-01	3.388441561392025e-01
104	3.355206685532591e-01	3.388441561392025e-01
%
% index = 2243, name = bbob_f013_i19_d05__bbob_f021_i21_d05
% instance = 9, reference value = 8.467137279871040e-01
% function evaluation | indicator value | target hit
1	1.216291877494104e+00	1.230268770812382e+00
2	9.658438039161039e-01	9.772372209558107e-01
3	8.612843786636040e-01	8.709635899560807e-01
6	8.163141941468657e-01	8.317637711026710e-01
39	8.087049252820480e-01	8.128305161640993e-01
62	7.616926904880807e-01	7.762471166286917e-01
63	7.510986590313573e-01	7.585775750291838e-01
65	7.294755934410204e-01	7.413102413009175e-01
70	7.111726962557613e-01	7.244359600749900e-01
71	7.047600805862371e-01	7.079457843841379e-01
79	4.050605300779502e-01	4.073802778041127e-01
83	3.865485672687015e-01	3.890451449942806e-01
96	3.792071845778556e-01	3.801893963205612e-01
99	3.647762638983643e-01	3.715352290971726e-01
101	3.358768553980552e-01	3.388441561392025e-01
103	3.197737110649630e-01	3.235936569296283e-01
104	3.197737110649630e-01	3.235936569296283e-01
%
% index = 2244, name = bbob_f013_i21_d05__bbob_f021_i22_d05
% instance = 10, reference value = 8.397240139391530e-01
% function evaluation | indicator value | target hit
1	2.287980685041455e+00	2.290867652767773e+00
2	1.307237511195597e+00	1.318256738556407e+00
6	1.243485517227817e+00	1.258925411794167e+00
8	1.096167362303153e+00	1.096478196143185e+00
10	9.459860359836531e-01	9.549925860214360e-01
13	7.902155759420910e-01	7.943282347242815e-01
16	7.523516336952328e-01	7.585775750291838e-01
29	6.977279027852388e-01	7.079457843841379e-01
49	6.686391387370494e-01	6.760829753919817e-01
51	5.063456598616591e-01	5.128613839913648e-01
55	4.924001977085900e-01	5.011872336272722e-01
58	4.450139205313706e-01	4.466835921509631e-01
60	3.667022639422667e-01	3.715352290971726e-01
62	3.565965298771672e-01	3.630780547701014e-01
66	3.521514698554434e-01	3.548133892335755e-01
69	3.465217890762052e-01	3.467368504525316e-01
71	3.305150711753926e-01	3.311311214825911e-01
80	3.231450752641397e-01	3.235936569296283e-01
83	3.091001959453212e-01	3.162277660168379e-01
91	2.955333722501561e-01	3.019951720402016e-01
97	2.928613994163755e-01	2.951209226666385e-01
98	2.881134919574043e-01	2.884031503126606e-01
104	2.881097474105524e-01	2.884031503126606e-01
%
% index = 2245, name = bbob_f013_i23_d05__bbob_f021_i24_d05
% instance = 11, reference value = 1.000000000000000e+00
% function evaluation | indicator value | target hit
1	9.941400060094988e-01	1.000000000000000e+00
6	9.186515216753337e-01	9.332543007969910e-01
12	8.998878943338376e-01	9.120108393559098e-01
34	8.593055130251580e-01	8.709635899560807e-01
39	8.255516902751753e-01	8.317637711026710e-01
51	7.466436570279362e-01	7.585775750291838e-01
59	7.402526812480754e-01	7.413102413009175e-01
62	7.176730860545628e-01	7.244359600749900e-01
68	7.069339349696151e-01	7.079457843841379e-01
71	6.888455973464244e-01	6.918309709189365e-01
72	6.396199839096641e-01	6.456542290346555e-01
74	6.031759702067192e-01	6.165950018614822e-01
80	6.005454882345869e-01	6.025595860743578e-01
94	5.843061341626531e-01	5.888436553555889e-01
97	5.748081660858011e-01	5.754399373371569e-01
104	5.604403596556931e-01	5.623413251903491e-01
%
% index = 2246, name = bbob_f013_i25_d05__bbob_f021_i26_d05
% instance = 12, reference value = 1.000000000000000e+00
% function evaluation | indicator value | target hit
1	1.845276132430324e+00	1.862087136662868e+00
2	8.608609135632599e-01	8.709635899560807e-01
3	6.931859331099726e-01	7.079457843841379e-01
5	6.700856310326739e-01	6.760829753919817e-01
58	6.544535476164300e-01	6.606934480075960e-01
61	6.302701624750389e-01	6.309573444801932e-01
67	6.145213442839494e-01	6.165950018614822e-01
68	5.653150839220994e-01	5.754399373371569e-01
70	5.470416583816560e-01	5.495408738576245e-01
75	4.430237525231104e-01	4.466835921509631e-01
77	4.263425268356831e-01	4.265795188015927e-01
80	4.105769362469007e-01	4.168693834703354e-01
82	3.914290860807762e-01	3.981071705534972e-01
85	3.836385699424544e-01	3.890451449942806e-01
87	3.737311205794471e-01	3.801893963205612e-01
94	3.640387983578365e-01	3.715352290971726e-01
104	3.639250966186727e-01	3.715352290971726e-01
%
% index = 2247, name = bbob_f013_i27_d05__bbob_f021_i28_d05
% instance = 13, reference value = 1.000000000000000e+00
% function evaluation | indicator value | target hit
1	9.358659824890743e-01	9.549925860214360e-01
2	9.196802319055664e-01	9.332543007969910e-01
3	7.240532449082280e-01	7.244359600749900e-01
5	6.578691614205004e-01	6.606934480075960e-01
32	6.365130137794301e-01	6.456542290346555e-01
33	6.249868807342815e-01	6.309573444801932e-01
38	6.069607072872245e-01	6.165950018614822e-01
44	5.935495544506755e-01	6.025595860743578e-01
52	5.706460162326952e-01	5.754399373371569e-01
58	5.542077197082665e-01	5.623413251903491e-01
63	5.475596407831190e-01	5.495408738576245e-01
65	5.317187711609783e-01	5.370317963702527e-01
70	5.169777788625294e-01	5.248074602497725e-01
71	5.116196189998158e-01	5.128613839913648e-01
78	5.002775479967572e-01	5.011872336272722e-01
83	4.869763462258939e-01	4.897788193684462e-01
96	4.757905909784808e-01	4.786300923226383e-01
99	4.630113203905503e-01	4.677351412871982e-01
104	4.546522416229738e-01	4.570881896148750e-01
%
% index = 2248, name = bbob_f013_i29_d05__bbob_f021_i30_d05
% instance = 14, reference value = 1.000000000000000e+00
% function evaluation | indicator value | target hit
1	1.319481936084499e+00	1.348962882591654e+00
4	1.183563939333816e+00	1.202264434617413e+00
10	1.142093148494500e+00	1.148153621496883e+00
14	9.867346354968758e-01	1.000000000000000e+00
32	8.746118582486919e-01	8.912509381337456e-01
38	7.376195474323178e-01	7.413102413009175e-01
56	7.158839597682735e-01	7.244359600749900e-01
57	7.003393714144982e-01	7.079457843841379e-01
59	6.757580264871607e-01	6.760829753919817e-01
60	6.236469649402346e-01	6.309573444801932e-01
62	5.533032769545654e-01	5.623413251903491e-01
63	5.268694227016246e-01	5.370317963702527e-01
64	4.910274187301598e-01	5.011872336272722e-01
65	4.889353669912770e-01	4.897788193684462e-01
66	4.652946487166287e-01	4.677351412871982e-01
67	4.346573721302427e-01	4.365158322401660e-01
70	4.182272575018979e-01	4.265795188015927e-01
72	4.149906856012012e-01	4.168693834703354e-01
73	3.897086652078189e-01	3.981071705534972e-01
76	3.875343771418939e-01	3.890451449942806e-01
78	3.733620834122330e-01	3.801893963205612e-01
86	3.628668982643928e-01	3.630780547701014e-01
89	3.544206438729604e-01	3.548133892335755e-01
97	3.403473775810232e-01	3.467368504525316e-01
99	3.331199579965379e-01	3.388441561392025e-01
104	3.318510951643464e-01	3.388441561392025e-01
%
% index = 2249, name = bbob_f013_i31_d05__bbob_f021_i34_d05
% instance = 15, reference value = 1.000000000000000e+00
% function evaluation | indicator value | target hit
1	9.567326014638190e-01	9.772372209558107e-01
35	8.378615944682899e-01	8.511380382023764e-01
37	8.212725926032425e-01	8.317637711026710e-01
55	7.492132254812551e-01	7.585775750291838e-01
58	5.705907131589976e-01	5.754399373371569e-01
61	4.746313189508626e-01	4.786300923226383e-01
62	4.430369531108005e-01	4.466835921509631e-01
63	4.078832944259275e-01	4.168693834703354e-01
64	3.963579667118385e-01	3.981071705534972e-01
72	3.867900512360100e-01	3.890451449942806e-01
73	3.794674296965991e-01	3.801893963205612e-01
74	3.613529501944920e-01	3.630780547701014e-01
75	3.527429239637651e-01	3.548133892335755e-01
79	3.452752213225962e-01	3.467368504525316e-01
87	3.382026031501931e-01	3.388441561392025e-01
90	3.226673099092188e-01	3.235936569296283e-01
94	3.159767052975011e-01	3.162277660168379e-01
103	3.077498686295209e-01	3.090295432513591e-01
104	3.050717067919052e-01	3.090295432513591e-01
